chunk;timestamp;size;fieldname;;;;;;;;;;;;;;;;;;;;
0;2415756523056;20;absz;1.81928e+08;1.31735e+08;9.53343e+07;6.90286e+07;4.9964e+07;3.61437e+07;2.6172e+07;1.89417e+07;1.37112e+07;9.92428e+06;7.18291e+06;5.19871e+06;3.76228e+06;2.72252e+06;1.97002e+06;1.42543e+06;1.03132e+06;746106;539723;390382
0;2415756523056;20;abszpwr;3.30979e+16;1.73542e+16;9.08864e+15;4.76496e+15;2.49641e+15;1.30637e+15;6.84971e+14;3.58786e+14;1.87996e+14;9.84912e+13;5.15942e+13;2.70266e+13;1.41547e+13;7.41209e+12;3.88099e+12;2.03185e+12;1.06362e+12;5.56674e+11;2.913e+11;1.52398e+11
0;2415756523056;20;abszstddev;392286;176956;83879.3;44841.9;22184.2;6956.97;1247.53;1723.48;1935.94;300.885;377.628;66.2125;16.529;14.2673;21.2491;9.32468;6.98219;1.97933;3.48084;1.58598
0;2415756523056;20;bandwidth;10.2741;10.2741;10.2741;10.2741;10.2741;5.99314;7.7055;10.2741;10.2741;10.2741;10.2741;10.2741;10.2741;10.2741;10.2741;10.2741;10.2741;10.2741;10.2741;10.2741
0;2415756523056;20;bias;0;0;0;0;0;0;0;0;0;0;0;0;0;0;0;0;0;0;0;0
0;2415756523056;20;biaspwr;0;0;0;0;0;0;0;0;0;0;0;0;0;0;0;0;0;0;0;0
0;2415756523056;20;biasstddev;0;0;0;0;0;0;0;0;0;0;0;0;0;0;0;0;0;0;0;0
0;2415756523056;20;drive;0.300003;0.300003;0.300003;0.300003;0.300003;0.300003;0.300003;0.300003;0.300003;0.300003;0.300003;0.300003;0.300003;0.300003;0.300003;0.300003;0.300003;0.300003;0.300003;0.300003
0;2415756523056;20;drivepwr;0.0900018;0.0900018;0.0900018;0.0900018;0.0900018;0.0900018;0.0900018;0.0900018;0.0900018;0.0900018;0.0900018;0.0900018;0.0900018;0.0900018;0.0900018;0.0900018;0.0900018;0.0900018;0.0900018;0.0900018
0;2415756523056;20;drivestddev;0;0;0;0;0;0;0;0;0;0;0;0;0;0;0;0;0;0;0;0
0;2415756523056;20;frequency;9.999999974752427;13.86918846435492;19.23543905490988;26.67799336109056;37.00021196095804;51.31629158938722;71.17153245417285;98.70914048804025;136.9015682683994;189.8713664161278;263.3361782500288;365.2259113806622;506.5387032487934;702.5280792305466;974.3494403835484;1351.343611730726;1874.203936580443;2599.368780806799;3605.113577052066;4999.99999995282
0;2415756523056;20;frequencypwr;99.99999949500553;192.3543886598173;370.0021156351938;711.7153297743778;1369.015685155935;2633.361782486973;5065.387031875493;9743.494415887966;18742.03939434763;36051.13578472789;69345.94277532931;133389.9663438387;256581.4578889652;493545.7021073564;949356.8319757177;1826129.5569654;3512640.395893622;6756718.058632946;12996843.90344478;24999999.99952776
0;2415756523056;20;frequencystddev;0;0;0;0;0;0;0;0;0;0;0;0;0;0;0;0;0;0;0;0
0;2415756523056;20;grid;10;13.86918856530028;19.2354391459856;26.67799326520329;37.00021191389153;51.31629159898316;71.17153246582319;98.70914042498926;136.901568167288;189.8713663797429;263.3361783471869;365.2259113562678;506.5387033533725;702.5280792430627;974.3494403440249;1351.343611662607;1874.203936666262;2599.36878074525;3605.113577091053;4999.999999999999
0;2415756523056;20;imagz;-1.81892e+08;-1.31707e+08;-9.53154e+07;-6.90156e+07;-4.99548e+07;-3.61375e+07;-2.61673e+07;-1.89383e+07;-1.37087e+07;-9.92248e+06;-7.1816e+06;-5.19775e+06;-3.76156e+06;-2.72197e+06;-1.96959e+06;-1.42508e+06;-1.03102e+06;-745842;-539473;-390131
0;2415756523056;20;imagzpwr;3.30848e+16;1.73467e+16;9.08503e+15;4.76316e+15;2.49549e+15;1.30592e+15;6.84726e+14;3.58659e+14;1.87929e+14;9.84557e+13;5.15754e+13;2.70166e+13;1.41493e+13;7.40911e+12;3.8793e+12;2.03085e+12;1.06301e+12;5.5628e+11;2.91031e+11;1.52202e+11
0;2415756523056;20;imagzstddev;390516;177151;83673;44951.3;22171.7;7036.51;1262.98;1709.64;1939.35;300.312;377.65;66.5651;15.0069;14.5431;21.4092;9.52908;7.06945;2.01312;3.4688;1.59407
0;2415756523056;20;param0;9.26849e+09;6.41768e+09;4.80822e+09;3.55355e+09;2.60776e+09;1.94263e+09;1.38212e+09;1.00474e+09;7.22588e+08;5.223e+08;3.76245e+08;2.70298e+08;1.92491e+08;1.35787e+08;9.43457e+07;6.43866e+07;4.30253e+07;2.80177e+07;1.77353e+07;1.0895e+07
0;2415756523056;20;param0pwr;8.668e+19;4.1486e+19;2.31904e+19;1.26337e+19;6.80445e+18;3.77407e+18;1.91027e+18;1.00951e+18;5.22144e+17;2.72798e+17;1.41562e+17;7.30612e+16;3.70528e+16;1.8438e+16;8.90111e+15;4.14563e+15;1.85118e+15;7.84992e+14;3.14541e+14;1.187e+14
0;2415756523056;20;param0stddev;8.80365e+08;5.4721e+08;2.67372e+08;7.73735e+07;6.35103e+07;1.56192e+07;3.54601e+06;2.63076e+06;3.27796e+06;600026;1.18287e+06;211298;241881;56635.6;37360.5;30130.5;7470.15;4922.63;1999.44;597.148
0;2415756523056;20;param1;8.74655e-11;8.70913e-11;8.67727e-11;8.64084e-11;8.60753e-11;8.57939e-11;8.54279e-11;8.51074e-11;8.47732e-11;8.44468e-11;8.4126e-11;8.38074e-11;8.34975e-11;8.31953e-11;8.28971e-11;8.26043e-11;8.23162e-11;8.20347e-11;8.17578e-11;8.14858e-11
0;2415756523056;20;param1pwr;7.65026e-21;7.5849e-21;7.52951e-21;7.46641e-21;7.40896e-21;7.3606e-21;7.29793e-21;7.24328e-21;7.1865e-21;7.13127e-21;7.07718e-21;7.02368e-21;6.97183e-21;6.92146e-21;6.87193e-21;6.82347e-21;6.77595e-21;6.72969e-21;6.68434e-21;6.63993e-21
0;2415756523056;20;param1stddev;1.89602e-13;1.16931e-13;7.65601e-14;5.59907e-14;3.82516e-14;1.63225e-14;4.0217e-15;7.80492e-15;1.19472e-14;2.56513e-15;4.42385e-15;1.06203e-15;4.01746e-16;4.27745e-16;8.87384e-16;5.28786e-16;5.50188e-16;2.1425e-16;5.28996e-16;3.29232e-16
0;2415756523056;20;phasez;-1.55099;-1.55013;-1.55091;-1.55136;-1.55162;-1.55219;-1.55186;-1.55194;-1.55182;-1.55179;-1.5517;-1.55156;-1.55125;-1.55075;-1.54991;-1.54866;-1.54682;-1.54416;-1.54036;-1.53496
0;2415756523056;20;phasezpwr;2.40556;2.40291;2.40532;2.40672;2.40754;2.40929;2.40827;2.40853;2.40814;2.40806;2.40779;2.40734;2.40638;2.40481;2.40223;2.39834;2.39266;2.38444;2.37271;2.35609
0;2415756523056;20;phasezstddev;0.00192132;0.00162269;0.00103422;0.000416811;0.000460684;0.000145749;4.79164e-05;5.07997e-05;8.58101e-05;2.19078e-05;5.9884e-05;1.498e-05;2.46305e-05;8.30098e-06;8.15732e-06;1.02753e-05;4.01691e-06;4.65507e-06;3.4644e-06;1.91189e-06
0;2415756523056;20;realz;3.60411e+06;2.72215e+06;1.89571e+06;1.34152e+06;957858;672515;495598;357096;260176;188572;137131;99988.2;73534.7;54586.3;41135.9;31557;24720.8;19868.7;16424.9;13987.9
0;2415756523056;20;realzpwr;1.31133e+13;7.45574e+12;3.60347e+12;1.8005e+12;9.18023e+11;4.52303e+11;2.45618e+11;1.27518e+11;6.7693e+10;3.55596e+10;1.8805e+10;9.99765e+09;5.40736e+09;2.97967e+09;1.69216e+09;9.95844e+08;6.11118e+08;3.94764e+08;2.69777e+08;1.95662e+08
0;2415756523056;20;realzstddev;351712;213613;98775.8;28607.1;23031.4;5161.6;1238.52;986.645;1170.93;218.211;430.12;77.5759;92.9253;22.423;15.8562;14.5145;3.99198;3.45371;1.89204;0.728947
0;2415756523056;20;settling;0.332279;0.276484;0.236254;0.207247;0.186333;0.226766;0.176373;0.132279;0.132279;0.132279;0.132279;0.132279;0.132279;0.132279;0.132279;0.132279;0.132279;0.132279;0.132279;0.132279
0;2415756523056;20;tc;0.00509713;0.00509713;0.00509713;0.00509713;0.00509713;0.00873802;0.00679621;0.00509713;0.00509713;0.00509713;0.00509713;0.00509713;0.00509713;0.00509713;0.00509713;0.00509713;0.00509713;0.00509713;0.00509713;0.00509713
0;2415756523056;20;tcmeas;0.00509713;0.00509713;0.00509713;0.00509713;0.00509713;0.00873802;0.00679621;0.00509713;0.00509713;0.00509713;0.00509713;0.00509713;0.00509713;0.00509713;0.00509713;0.00509713;0.00509713;0.00509713;0.00509713;0.00509713
0;2415756523056;20;count;20089;14485;10444;7530;5430;1755;1365;1339;1339;1339;1339;1339;1339;1339;1339;1339;1339;1339;1339;1339
0;2415756523056;20;flags;0;0;0;0;0;0;0;0;0;0;0;0;0;0;0;0;0;0;0;0
0;2415756523056;20;nexttimestamp;2415206409425;2415313575285;2415393450777;2415453817060;2415499818706;2415540666569;2415560728934;2415576001009;2415590829115;2415605809716;2415620763961;2415635880992;2415650869631;2415665815572;2415681115829;2415696507306;2415711170341;2415726461366;2415741325781;2415756523056
0;2415756523056;20;settimestamp;2415186472673;2415296986261;2415379275540;2415441382219;2415488638730;2415527060579;2415550146538;2415568064257;2415582892363;2415597872964;2415612827209;2415627944240;2415642932879;2415657878820;2415673179077;2415688570554;2415703233589;2415718524614;2415733389029;2415748586304
1;2416527745189;50;absz;9.35466e+06;7.99171e+06;6.82367e+06;5.81506e+06;4.9712e+06;4.24616e+06;3.62526e+06;3.09524e+06;2.64283e+06;2.25747e+06;1.92727e+06;1.64569e+06;1.4049e+06;1.19959e+06;1.02437e+06;874557;746760;637571;544344;464747;396761;338719;289160;246853;210731;179890;153557;131079;111888;95504.4;81520.7;69582.4;59391.5;50693.2;43268.5;36930.2;31518.9;26899.7;22955.9;19588.5;16714;14258.9;12161.7;10370;8838.78;7529.56;6409.35;5450.21;4628.01;3922.08
1;2416527745189;50;abszpwr;8.75108e+13;6.38676e+13;4.65626e+13;3.3815e+13;2.47129e+13;1.80299e+13;1.31425e+13;9.58051e+12;6.98458e+12;5.09617e+12;3.71437e+12;2.70831e+12;1.97373e+12;1.43902e+12;1.04934e+12;7.6485e+11;5.5765e+11;4.06497e+11;2.9631e+11;2.15989e+11;1.5742e+11;1.1473e+11;8.36133e+10;6.09365e+10;4.44076e+10;3.23605e+10;2.35797e+10;1.71816e+10;1.2519e+10;9.12109e+09;6.64563e+09;4.84171e+09;3.52735e+09;2.5698e+09;1.87216e+09;1.36384e+09;9.9344e+08;7.23596e+08;5.26973e+08;3.83711e+08;2.79358e+08;2.03317e+08;1.47908e+08;1.07536e+08;7.8124e+07;5.66943e+07;4.10797e+07;2.97047e+07;2.14184e+07;1.53827e+07
1;2416527745189;50;abszstddev;33549;11584;4330.2;6138.54;1271.29;2229.75;1192.98;1251.63;259.254;198.114;440.349;175.921;149.898;155.002;115.35;32.7655;62.1458;21.0258;12.2359;10.7594;6.76069;3.21907;4.89491;5.64417;3.11712;1.02599;0.935801;1.10961;1.05631;1.60801;0.400297;0.376214;0.424322;0.355818;0.170241;0.164523;0.113355;0.102718;0.0313844;0.0930513;0.0948974;0.0114799;0.0745407;0.0231205;0.0405374;0.0188341;0.0372058;0.0269721;0.0245307;0.0104831
1;2416527745189;50;bandwidth;10.2741;10.2741;10.2741;10.2741;10.2741;10.2741;10.2741;10.2741;10.2741;10.2741;10.2741;10.2741;10.2741;10.2741;10.2741;10.2741;10.2741;10.2741;10.2741;10.2741;10.2741;10.2741;10.2741;10.2741;10.2741;10.2741;10.2741;10.2741;10.2741;10.2741;10.2741;10.2741;10.2741;10.2741;10.2741;10.2741;10.2741;10.2741;10.2741;10.2741;10.2741;10.2741;10.2741;10.2741;10.2741;10.2741;10.2741;10.2741;10.2741;10.2741
1;2416527745189;50;bias;0;0;0;0;0;0;0;0;0;0;0;0;0;0;0;0;0;0;0;0;0;0;0;0;0;0;0;0;0;0;0;0;0;0;0;0;0;0;0;0;0;0;0;0;0;0;0;0;0;0
1;2416527745189;50;biaspwr;0;0;0;0;0;0;0;0;0;0;0;0;0;0;0;0;0;0;0;0;0;0;0;0;0;0;0;0;0;0;0;0;0;0;0;0;0;0;0;0;0;0;0;0;0;0;0;0;0;0
1;2416527745189;50;biasstddev;0;0;0;0;0;0;0;0;0;0;0;0;0;0;0;0;0;0;0;0;0;0;0;0;0;0;0;0;0;0;0;0;0;0;0;0;0;0;0;0;0;0;0;0;0;0;0;0;0;0
1;2416527745189;50;drive;0.300003;0.300003;0.300003;0.300003;0.300003;0.300003;0.300003;0.300003;0.300003;0.300003;0.300003;0.300003;0.300003;0.300003;0.300003;0.300003;0.300003;0.300003;0.300003;0.300003;0.300003;0.300003;0.300003;0.300003;0.300003;0.300003;0.300003;0.300003;0.300003;0.300003;0.300003;0.300003;0.300003;0.300003;0.300003;0.300003;0.300003;0.300003;0.300003;0.300003;0.300003;0.300003;0.300003;0.300003;0.300003;0.300003;0.300003;0.300003;0.300003;0.300003
1;2416527745189;50;drivepwr;0.0900018;0.0900018;0.0900018;0.0900018;0.0900018;0.0900018;0.0900018;0.0900018;0.0900018;0.0900018;0.0900018;0.0900018;0.0900018;0.0900018;0.0900018;0.0900018;0.0900018;0.0900018;0.0900018;0.0900018;0.0900018;0.0900018;0.0900018;0.0900018;0.0900018;0.0900018;0.0900018;0.0900018;0.0900018;0.0900018;0.0900018;0.0900018;0.0900018;0.0900018;0.0900018;0.0900018;0.0900018;0.0900018;0.0900018;0.0900018;0.0900018;0.0900018;0.0900018;0.0900018;0.0900018;0.0900018;0.0900018;0.0900018;0.0900018;0.0900018
1;2416527745189;50;drivestddev;0;0;0;0;0;0;0;0;0;0;0;0;0;0;0;0;0;0;0;0;0;0;0;0;0;0;0;0;0;0;0;0;0;0;0;0;0;0;0;0;0;0;0;0;0;0;0;0;0;0
1;2416527745189;50;frequency;199.9999999213742;234.625769479635;275.2462588517801;322.8993264769997;378.802514688914;444.3841576318164;521.3198749487447;611.5753842550475;717.456725922716;841.6691823498468;987.3863981368913;1158.33146786315;1358.872060208682;1594.132014446359;1870.122253535556;2193.894364737048;2573.720768452858;3019.306079821149;3542.035062906734;4155.263512473084;4874.659497176026;5718.603679767398;6708.658946337209;7870.121340545211;9232.666380967203;10831.10727442716;12706.28439819177;14906.10877695531;17486.78621595445;20514.25336674129;24065.86241733066;28232.35745111674;33120.19296963342;38854.25382030405;45581.04601983359;53472.44000269313;62730.06193403319;73590.44528463698;86331.07429211862;101277.4737211686;118811.5260634959;139381.228686517;163512.140226203;191820.8086789974;225030.524286467;263989.7996954232;309694.0495706946;363311.0235703185;426210.642505751;499999.9999999716
1;2416527745189;50;frequencypwr;39999.99996855055;55049.25170391121;75760.50301190092;104263.9750393024;143491.3451346456;197477.2795541348;271774.4120165716;374024.4506267179;514744.1535717338;708407.0125174528;974931.8992257303;1341731.789442009;1846533.276015769;2541256.879482775;3497357.243168852;4813172.483625099;6624038.593965535;9116209.203645075;12546012.38686036;17266214.85808973;23762305.21340865;32702428.04624938;45006104.85826925;61938809.9149033;85242128.50224282;117312884.7901486;161449663.207733;222192078.8704225;305787692.1624913;420834591.194869;579165733.889892;797066007.2476498;1096947182.345725;1509653039.932617;2077631756.262204;2859301839.841683;3935060670.24766;5415553637.191184;7453054388.431465;10257126683.34184;14116178725.53688;19427126910.16373;26736220001.35252;36795222642.2651;50638736860.64111;69690614343.22987;95910404339.49678;131994899847.7158;181655511785.1631;249999999999.9741
1;2416527745189;50;frequencystddev;0;0;0;0;0;0;0;0;0;0;0;0;0;0;0;0;0;0;0;0;0;0;0;0;0;0;0;0;0;0;0;0;0;0;0;0;0;0;0;0;0;0;0;0;0;0;0;0;0;0
1;2416527745189;50;grid;200;234.625769577406;275.24625874895;322.8993264113714;378.8025147764702;444.38415773643;521.3198749845864;611.5753843212788;717.4567260048893;841.6691823869163;987.3863982355815;1158.331467781432;1358.872060269723;1594.132014490097;1870.122253538597;2193.894364701633;2573.720768448274;3019.306079872645;3542.0350628993;4155.26351251452;4874.659497103171;5718.603679678212;6708.658946263437;7870.121340497041;9232.666380908422;10831.10727436042;12706.28439811127;14906.10877688122;17486.7862159014;20514.25336670721;24065.8624173479;28232.35745107106;33120.19296970986;38854.25382035175;45581.04601977958;53472.4400026697;62730.06193404024;73590.44528456265;86331.0742921725;101277.4737212261;118811.5260634907;139381.2286865629;163512.1402261459;191820.8086790414;225030.5242864022;263989.7996955213;309694.0495707347;363311.0235703847;426210.6425057829;499999.9999999999
1;2416527745189;50;imagz;-9.35311e+06;-7.99037e+06;-6.8226e+06;-5.81412e+06;-4.97056e+06;-4.24557e+06;-3.62476e+06;-3.09479e+06;-2.64246e+06;-2.25715e+06;-1.927e+06;-1.64546e+06;-1.4047e+06;-1.19942e+06;-1.02423e+06;-874437;-746659;-637485;-544271;-464684;-396708;-338673;-289120;-246819;-210701;-179864;-153533;-131057;-111869;-95486.5;-81504.1;-69566.6;-59376.4;-50678.5;-43254;-36915.8;-31504.3;-26884.8;-22940.4;-19572.2;-16696.7;-14240.3;-12141.5;-10347.8;-8814.22;-7502.17;-6378.57;-5415.36;-4588.29;-3876.47
1;2416527745189;50;imagzpwr;8.74819e+13;6.38461e+13;4.65478e+13;3.3804e+13;2.47065e+13;1.80248e+13;1.31389e+13;9.57772e+12;6.98259e+12;5.09471e+12;3.71331e+12;2.70753e+12;1.97317e+12;1.43862e+12;1.04905e+12;7.6464e+11;5.57499e+11;4.06388e+11;2.96231e+11;2.15931e+11;1.57377e+11;1.14699e+11;8.35903e+10;6.09195e+10;4.43949e+10;3.23509e+10;2.35724e+10;1.71761e+10;1.25146e+10;9.11768e+09;6.64291e+09;4.83951e+09;3.52556e+09;2.56831e+09;1.87091e+09;1.36278e+09;9.92521e+08;7.22793e+08;5.26262e+08;3.83073e+08;2.78779e+08;2.02786e+08;1.47416e+08;1.07077e+08;7.76905e+07;5.62826e+07;4.06861e+07;2.93262e+07;2.10524e+07;1.5027e+07
1;2416527745189;50;imagzstddev;34140.6;11446.4;4329.6;6142.62;1326.16;2201.08;1200.57;1262.43;265.96;206.127;439.944;176.483;152.733;155.848;115.498;32.5954;61.636;21.5435;12.1724;10.7857;6.74403;3.25263;4.79368;5.5779;3.14609;1.0251;0.945184;1.09936;1.05792;1.62419;0.410412;0.37492;0.422143;0.352734;0.172142;0.164465;0.113569;0.103389;0.031257;0.0918959;0.0952427;0.0114981;0.0743773;0.0231634;0.0404946;0.0187368;0.0383037;0.0271207;0.0242751;0.0103371
1;2416527745189;50;param0;5.53332e+08;4.38143e+08;3.84917e+08;3.22588e+08;3.11386e+08;2.53365e+08;2.17828e+08;1.81636e+08;1.56726e+08;1.3347e+08;1.14004e+08;9.70518e+07;8.35041e+07;7.17323e+07;6.14227e+07;5.27786e+07;4.5477e+07;3.88276e+07;3.32455e+07;2.83049e+07;2.42122e+07;2.05921e+07;1.74553e+07;1.47705e+07;1.24631e+07;1.04604e+07;8.73977e+06;7.26864e+06;6.00903e+06;4.93665e+06;4.03103e+06;3.26931e+06;2.63376e+06;2.10688e+06;1.67432e+06;1.32166e+06;1.0363e+06;807167;624584;480246;367064;278974;210878;158575;118657;88365.1;65479.4;48279.1;35401;25794.2
1;2416527745189;50;param0pwr;3.22444e+17;1.92571e+17;1.48413e+17;1.04071e+17;9.74833e+16;6.42825e+16;4.75008e+16;3.30051e+16;2.45665e+16;1.78184e+16;1.29974e+16;9.42018e+15;6.97366e+15;5.1456e+15;3.77283e+15;2.78561e+15;2.06817e+15;1.5076e+15;1.10527e+15;8.01165e+14;5.86232e+14;4.24035e+14;3.04688e+14;2.18168e+14;1.5533e+14;1.0942e+14;7.63836e+13;5.28331e+13;3.61084e+13;2.43705e+13;1.62492e+13;1.06884e+13;6.93672e+12;4.43896e+12;2.80336e+12;1.74679e+12;1.07391e+12;6.51519e+11;3.90105e+11;2.30636e+11;1.34736e+11;7.78264e+10;4.44697e+10;2.51461e+10;1.40795e+10;7.80838e+09;4.28756e+09;2.33087e+09;1.25323e+09;6.65343e+08
1;2416527745189;50;param0stddev;1.27591e+08;2.45348e+07;1.58793e+07;2.88605e+06;2.28549e+07;9.43417e+06;7.20356e+06;3.68436e+06;1.86005e+06;2.03148e+06;642451;1.06338e+06;844248;281249;287848;183924;123282;127709;76111.3;21281.2;37832.8;19792.8;22443.2;16339.3;6962.05;1380.32;2235.12;2726.76;592.535;4777.34;1347.91;279.514;245.422;332.257;156.64;149.67;29.5101;27.0658;29.1981;24.6938;7.65441;3.17137;1.69505;3.91754;0.887849;2.40129;1.78366;0.471839;0.253985;0.171974
1;2416527745189;50;param1;8.50542e-11;8.48658e-11;8.47251e-11;8.47478e-11;8.45064e-11;8.43342e-11;8.42007e-11;8.40645e-11;8.39252e-11;8.37519e-11;8.36235e-11;8.34787e-11;8.33558e-11;8.3215e-11;8.30675e-11;8.29386e-11;8.27979e-11;8.26658e-11;8.25345e-11;8.24037e-11;8.22788e-11;8.21547e-11;8.20327e-11;8.19104e-11;8.17904e-11;8.16724e-11;8.15578e-11;8.14428e-11;8.133e-11;8.12194e-11;8.11076e-11;8.09982e-11;8.08895e-11;8.07805e-11;8.06713e-11;8.05635e-11;8.04586e-11;8.03543e-11;8.02537e-11;8.01574e-11;8.00627e-11;7.99762e-11;7.99007e-11;7.98391e-11;7.97955e-11;7.97776e-11;7.97963e-11;7.98626e-11;7.99942e-11;8.02148e-11
1;2416527745189;50;param1pwr;7.2343e-21;7.20221e-21;7.17834e-21;7.1822e-21;7.14133e-21;7.11226e-21;7.08977e-21;7.06685e-21;7.04345e-21;7.01438e-21;6.99289e-21;6.96869e-21;6.9482e-21;6.92473e-21;6.90021e-21;6.87881e-21;6.85549e-21;6.83363e-21;6.81195e-21;6.79037e-21;6.76981e-21;6.74939e-21;6.72937e-21;6.70932e-21;6.68967e-21;6.67039e-21;6.65167e-21;6.63293e-21;6.61457e-21;6.59659e-21;6.57845e-21;6.56071e-21;6.54312e-21;6.52549e-21;6.50786e-21;6.49048e-21;6.47359e-21;6.45682e-21;6.44066e-21;6.42521e-21;6.41004e-21;6.39619e-21;6.38413e-21;6.37429e-21;6.36732e-21;6.36447e-21;6.36745e-21;6.37804e-21;6.39908e-21;6.43442e-21
1;2416527745189;50;param1stddev;2.99554e-13;1.24493e-13;5.38052e-14;8.93299e-14;2.0777e-14;4.48663e-14;2.75487e-14;3.36967e-14;8.02205e-15;7.05736e-15;1.91212e-14;8.90157e-15;8.72752e-15;1.06931e-14;9.34245e-15;3.12487e-15;6.94644e-15;2.65889e-15;1.86596e-15;1.90293e-15;1.40611e-15;7.73022e-16;1.41723e-15;1.89466e-15;1.19845e-15;4.66176e-16;4.91994e-16;6.95777e-16;7.6652e-16;1.35396e-15;3.88162e-16;4.39363e-16;5.80746e-16;5.71815e-16;3.13787e-16;3.59036e-16;2.88694e-16;3.04668e-16;1.10325e-16;3.8527e-16;4.52453e-16;6.42895e-17;4.89987e-16;1.77687e-16;3.65345e-16;2.01115e-16;4.47295e-16;3.90504e-16;4.2493e-16;2.15563e-16
1;2416527745189;50;phasez;-1.553;-1.55249;-1.55304;-1.55277;-1.55474;-1.55401;-1.55413;-1.55375;-1.55393;-1.55388;-1.55389;-1.55384;-1.55397;-1.55407;-1.55412;-1.55423;-1.55437;-1.55437;-1.55442;-1.55438;-1.55441;-1.55435;-1.55423;-1.55408;-1.55389;-1.5536;-1.55323;-1.55276;-1.55218;-1.55145;-1.55057;-1.54951;-1.54824;-1.54673;-1.54495;-1.54285;-1.54038;-1.53746;-1.53403;-1.53;-1.52525;-1.51966;-1.51309;-1.50535;-1.49624;-1.48548;-1.47276;-1.45767;-1.43969;-1.41815
1;2416527745189;50;phasezpwr;2.41183;2.41024;2.41192;2.41109;2.41722;2.41496;2.41533;2.41413;2.4147;2.41454;2.41457;2.41441;2.41482;2.41514;2.41528;2.41562;2.41608;2.41608;2.41623;2.41609;2.41619;2.41599;2.41563;2.41517;2.41457;2.41367;2.41251;2.41107;2.40925;2.40699;2.40427;2.40098;2.39706;2.39238;2.38687;2.38039;2.37276;2.3638;2.35326;2.34089;2.32638;2.30937;2.28945;2.26609;2.23873;2.20666;2.16901;2.12479;2.07271;2.01115
1;2416527745189;50;phasezstddev;0.00389249;0.00109531;0.000744374;0.000152748;0.00123009;0.000633856;0.000568105;0.000344708;0.000195588;0.000256603;9.57664e-05;0.000185993;0.000167699;6.40778e-05;7.7998e-05;5.78383e-05;4.56282e-05;5.3447e-05;3.75732e-05;1.22414e-05;2.56716e-05;1.5744e-05;2.15649e-05;1.88119e-05;9.22294e-06;2.27818e-06;4.40644e-06;6.85936e-06;1.74325e-06;1.85523e-05;6.6718e-06;1.8677e-06;2.21159e-06;3.90018e-06;2.34179e-06;3.1639e-06;8.23761e-07;1.01366e-06;1.72338e-06;2.2128e-06;7.31551e-07;5.77855e-07;3.61206e-07;1.60339e-06;3.50693e-07;2.32677e-06;2.12897e-06;5.75146e-07;7.20788e-07;9.68687e-07
1;2416527745189;50;realz;166317;146268;121177;104831;79810.8;71262.9;60402.4;52767.1;44571.6;38190.8;32582.1;27909.2;23638.7;20061.3;17084.3;14491.9;12262.3;10469.4;8912.83;7630.83;6501.68;5571.58;4790.14;4125.56;3563.12;3093.62;2697.98;2363.81;2083.36;1847.63;1648.62;1480.96;1339.28;1219.71;1118.16;1031.92;958.643;896.464;843.719;798.989;761.06;728.804;701.39;678.142;658.4;641.591;627.368;615.271;605.023;596.361
1;2416527745189;50;realzpwr;2.89458e+10;2.14742e+10;1.47097e+10;1.09904e+10;6.40698e+09;5.08576e+09;3.65267e+09;2.78547e+09;1.98689e+09;1.45887e+09;1.06163e+09;7.79016e+08;5.58842e+08;4.02461e+08;2.9188e+08;2.10017e+08;1.50366e+08;1.09609e+08;7.9439e+07;5.82296e+07;4.2272e+07;3.10425e+07;2.29455e+07;1.70202e+07;1.26958e+07;9.5705e+06;7.27908e+06;5.58758e+06;4.34038e+06;3.41375e+06;2.71794e+06;2.19324e+06;1.79368e+06;1.4877e+06;1.25028e+06;1.06485e+06;918996;803647;711862;638383;579212;531156;491948;459876;433491;411640;393591;378559;366053;355647
1;2416527745189;50;realzstddev;35852.6;8936.52;5079.84;859.541;6102.91;2714.98;2055.27;1054.02;513.519;576.474;185.514;305.758;233.777;75.1355;79.6856;50.692;34.9863;33.7516;20.4906;5.63906;10.1966;5.31236;6.31383;4.72318;1.8963;0.412063;0.663471;0.911623;0.186132;1.75701;0.536298;0.133645;0.138192;0.203164;0.0980614;0.116925;0.0250116;0.0246009;0.0396626;0.0457442;0.00915731;0.00821427;0.00660631;0.0165673;0.00361603;0.0176236;0.0101633;0.00133653;0.00485815;0.00418021
1;2416527745189;50;settling;0.132279;0.132279;0.132279;0.132279;0.132279;0.132279;0.132279;0.132279;0.132279;0.132279;0.132279;0.132279;0.132279;0.132279;0.132279;0.132279;0.132279;0.132279;0.132279;0.132279;0.132279;0.132279;0.132279;0.132279;0.132279;0.132279;0.132279;0.132279;0.132279;0.132279;0.132279;0.132279;0.132279;0.132279;0.132279;0.132279;0.132279;0.132279;0.132279;0.132279;0.132279;0.132279;0.132279;0.132279;0.132279;0.132279;0.132279;0.132279;0.132279;0.132279
1;2416527745189;50;tc;0.00509713;0.00509713;0.00509713;0.00509713;0.00509713;0.00509713;0.00509713;0.00509713;0.00509713;0.00509713;0.00509713;0.00509713;0.00509713;0.00509713;0.00509713;0.00509713;0.00509713;0.00509713;0.00509713;0.00509713;0.00509713;0.00509713;0.00509713;0.00509713;0.00509713;0.00509713;0.00509713;0.00509713;0.00509713;0.00509713;0.00509713;0.00509713;0.00509713;0.00509713;0.00509713;0.00509713;0.00509713;0.00509713;0.00509713;0.00509713;0.00509713;0.00509713;0.00509713;0.00509713;0.00509713;0.00509713;0.00509713;0.00509713;0.00509713;0.00509713
1;2416527745189;50;tcmeas;0.00509713;0.00509713;0.00509713;0.00509713;0.00509713;0.00509713;0.00509713;0.00509713;0.00509713;0.00509713;0.00509713;0.00509713;0.00509713;0.00509713;0.00509713;0.00509713;0.00509713;0.00509713;0.00509713;0.00509713;0.00509713;0.00509713;0.00509713;0.00509713;0.00509713;0.00509713;0.00509713;0.00509713;0.00509713;0.00509713;0.00509713;0.00509713;0.00509713;0.00509713;0.00509713;0.00509713;0.00509713;0.00509713;0.00509713;0.00509713;0.00509713;0.00509713;0.00509713;0.00509713;0.00509713;0.00509713;0.00509713;0.00509713;0.00509713;0.00509713
1;2416527745189;50;count;1339;1339;1339;1339;1339;1339;1339;1339;1339;1339;1339;1339;1339;1339;1339;1339;1339;1339;1339;1339;1339;1339;1339;1339;1339;1339;1339;1339;1339;1339;1339;1339;1339;1339;1339;1339;1339;1339;1339;1339;1339;1339;1339;1339;1339;1339;1339;1339;1339;1339
1;2416527745189;50;flags;0;0;0;0;0;0;0;0;0;0;0;0;0;0;0;0;0;0;0;0;0;0;0;0;0;0;0;0;0;0;0;0;0;0;0;0;0;0;0;0;0;0;0;0;0;0;0;0;0;0
1;2416527745189;50;nexttimestamp;2415788899735;2415804020291;2415818944346;2415834184452;2415849161060;2415864159862;2415879179795;2415894608628;2415909491786;2415924359445;2415939515413;2415954550129;2415969403559;2415984757312;2415999756469;2416014768011;2416029848635;2416045043728;2416059762637;2416075299359;2416090163849;2416105144189;2416120314587;2416135422588;2416150383998;2416165455134;2416180473042;2416195473642;2416210839324;2416225674216;2416240675370;2416255937046;2416270969356;2416286016827;2416301090185;2416316124536;2416331453038;2416346409525;2416361398804;2416376362012;2416391359829;2416406765291;2416422222124;2416437559079;2416452388492;2416467381166;2416482525577;2416497580889;2416512643576;2416527745189
1;2416527745189;50;settimestamp;2415780962983;2415796083539;2415811007594;2415826247700;2415841224308;2415856223110;2415871243043;2415886671876;2415901555034;2415916422693;2415931578661;2415946613377;2415961466807;2415976820560;2415991819717;2416006831259;2416021911883;2416037106976;2416051825885;2416067362607;2416082227097;2416097207437;2416112377835;2416127485836;2416142447246;2416157518382;2416172536290;2416187536890;2416202902572;2416217737464;2416232738618;2416248000294;2416263032604;2416278080075;2416293153433;2416308187784;2416323516286;2416338472773;2416353462052;2416368425260;2416383423077;2416398828539;2416414285372;2416429622327;2416444451740;2416459444414;2416474588825;2416489644137;2416504706824;2416519808437
2;2417299011244;50;absz;98436.6;88018.4;78688.2;70368.5;62910.7;56256.1;50299.3;44968;40211.3;35945.1;32138.1;28737.5;25690.8;22973;20539.5;18364.6;16420.5;14682.1;13128.5;11738.2;10495.7;9384.92;8391.46;7503.05;6708.82;5998.68;5363.62;4795.7;4287.88;3833.86;3427.67;3064.49;2739.62;2449.06;2189.25;1956.8;1748.82;1562.74;1396.3;1247.39;1114.12;994.921;888.315;792.961;707.841;631.886;564.234;504.244;451.335;405.138
2;2417299011244;50;abszpwr;9.68976e+09;7.74723e+09;6.19183e+09;4.95173e+09;3.95776e+09;3.16475e+09;2.53002e+09;2.02212e+09;1.61695e+09;1.29205e+09;1.03286e+09;8.25842e+08;6.60019e+08;5.27761e+08;4.2187e+08;3.3726e+08;2.69633e+08;2.15564e+08;1.72358e+08;1.37786e+08;1.10161e+08;8.80767e+07;7.04166e+07;5.62958e+07;4.50083e+07;3.59842e+07;2.87684e+07;2.29988e+07;1.8386e+07;1.46985e+07;1.17489e+07;9.39107e+06;7.5055e+06;5.99792e+06;4.79283e+06;3.82905e+06;3.05836e+06;2.44215e+06;1.94967e+06;1.55598e+06;1.24125e+06;989867;789103;628786;501038;399280;318360;254262;203704;164137
2;2417299011244;50;abszstddev;11.2578;17.1031;5.99511;10.6556;8.39398;7.58449;7.03308;3.18227;2.1119;3.04657;2.14761;1.00386;1.99027;0.659069;1.204;0.439634;0.868718;0.260007;0.395198;0.412318;0.330999;0.361138;0.230262;0.0872655;0.107265;0.0414088;0.0366716;0.0628885;0.0385663;0.0270771;0.0246931;0.0397293;0.0157451;0.0136346;0.0201923;0.0063113;0.00942784;0.00748529;0.00404526;0.015267;0.00381753;0.00227985;0.00272391;0.00686479;0.00729901;0.00132073;0.00342987;0.00749631;0.00248284;0.00153146
2;2417299011244;50;bandwidth;10.2741;10.2741;10.2741;10.2741;10.2741;10.2741;10.2741;10.2741;10.2741;10.2741;10.2741;10.2741;10.2741;10.2741;10.2741;10.2741;10.2741;10.2741;10.2741;10.2741;10.2741;10.2741;10.2741;10.2741;10.2741;10.2741;10.2741;10.2741;10.2741;10.2741;10.2741;10.2741;10.2741;10.2741;10.2741;10.2741;10.2741;10.2741;10.2741;10.2741;10.2741;10.2741;10.2741;10.2741;10.2741;10.2741;10.2741;10.2741;10.2741;10.2741
2;2417299011244;50;bias;0;0;0;0;0;0;0;0;0;0;0;0;0;0;0;0;0;0;0;0;0;0;0;0;0;0;0;0;0;0;0;0;0;0;0;0;0;0;0;0;0;0;0;0;0;0;0;0;0;0
2;2417299011244;50;biaspwr;0;0;0;0;0;0;0;0;0;0;0;0;0;0;0;0;0;0;0;0;0;0;0;0;0;0;0;0;0;0;0;0;0;0;0;0;0;0;0;0;0;0;0;0;0;0;0;0;0;0
2;2417299011244;50;biasstddev;0;0;0;0;0;0;0;0;0;0;0;0;0;0;0;0;0;0;0;0;0;0;0;0;0;0;0;0;0;0;0;0;0;0;0;0;0;0;0;0;0;0;0;0;0;0;0;0;0;0
2;2417299011244;50;drive;0.300003;0.300003;0.300003;0.300003;0.300003;0.300003;0.300003;0.300003;0.300003;0.300003;0.300003;0.300003;0.300003;0.300003;0.300003;0.300003;0.300003;0.300003;0.300003;0.300003;0.300003;0.300003;0.300003;0.300003;0.300003;0.300003;0.300003;0.300003;0.300003;0.300003;0.300003;0.300003;0.300003;0.300003;0.300003;0.300003;0.300003;0.300003;0.300003;0.300003;0.300003;0.300003;0.300003;0.300003;0.300003;0.300003;0.300003;0.300003;0.300003;0.300003
2;2417299011244;50;drivepwr;0.0900018;0.0900018;0.0900018;0.0900018;0.0900018;0.0900018;0.0900018;0.0900018;0.0900018;0.0900018;0.0900018;0.0900018;0.0900018;0.0900018;0.0900018;0.0900018;0.0900018;0.0900018;0.0900018;0.0900018;0.0900018;0.0900018;0.0900018;0.0900018;0.0900018;0.0900018;0.0900018;0.0900018;0.0900018;0.0900018;0.0900018;0.0900018;0.0900018;0.0900018;0.0900018;0.0900018;0.0900018;0.0900018;0.0900018;0.0900018;0.0900018;0.0900018;0.0900018;0.0900018;0.0900018;0.0900018;0.0900018;0.0900018;0.0900018;0.0900018
2;2417299011244;50;drivestddev;0;0;0;0;0;0;0;0;0;0;0;0;0;0;0;0;0;0;0;0;0;0;0;0;0;0;0;0;0;0;0;0;0;0;0;0;0;0;0;0;0;0;0;0;0;0;0;0;0;0
2;2417299011244;50;frequency;20000.00000002444;22385.53853899816;25055.61678390222;28044.17375656954;31389.19662092121;35133.2035329932;39323.78408414649;44014.2042055669;49264.08322518227;55140.1516811012;61717.09952482729;69078.52549602467;77317.99973512921;86540.25314108083;96862.50859274992;108415.9709538568;121347.4948009008;135821.4510731415;152021.8163702936;170154.5114554648;190450.0186878266;213166.3116533389;238592.1342356312;267050.6708003728;298903.6541519141;334555.9634717432;374460.7706856584;419125.3006744233;469117.2785435782;525072.1459047724;587701.13789258;657800.3235824071;736260.7247225839;824079.6413975459;922373.3285811875;1032391.184709951;1155531.632626961;1293359.894754076;1447627.888434013;1620296.494325686;1813560.480908265;2029876.401899315;2271993.821195295;2542990.262224833;2846310.325953354;3185809.474764127;3565803.038745301;3991121.067296888;4467169.723268114;4999999.999999929
2;2417299011244;50;frequencypwr;400000000.0009766;501112335.6809804;627783932.421755;786475681.688689;985281664.5068408;1234341990.490723;1546359994.696546;1937250171.849325;2426949896.017619;3040436327.414915;3809000373.757417;4771842684.705014;5978073083.041271;7489215413.722486;9382345570.880722;11754022757.8673;14725214494.45476;18447466571.61337;23110632652.52342;28952557768.64827;36271209618.19461;45439876423.8889;56926206519.11479;71316060774.92755;89343394465.36397;111927692694.5035;140220868782.4994;175666017665.4287;220071021028.1306;275700758405.0435;345392627480.2357;432701265705.1241;542079854769.0114;679107255365.9041;850772557277.9692;1065831558266.824;1335253354001.505;1672779817358.254;2095626503371.96;2625360729524.038;3289001617912.122;4120398206987.688;5161955923549.693;6466799473770.208;8101482471628.671;10149382009496.65;12714951311125.5;15929047373821.27;19955605336483.73;24999999999999.78
2;2417299011244;50;frequencystddev;0;0;0;0;0;0;0;0;0;0;0;0;0;0;0;0;0;0;0;0;0;0;0;0;0;0;0;0;0;0;0;0;0;0;0;0;0;0;0;0;0;0;0;0;0;0;0;0;0;0
2;2417299011244;50;grid;20000;22385.53853889392;25055.61678381524;28044.17375649267;31389.1966208702;35133.20353307037;39323.78408421753;44014.20420561973;49264.08322518237;55140.15168102986;61717.09952480751;69078.5254960665;77317.99973510798;86540.25314102246;96862.50859269968;108415.9709537911;121347.4948008847;135821.4510731717;152021.816370349;170154.5114555551;190450.0186877497;213166.3116533844;238592.1342355349;267050.6708003259;298903.6541519084;334555.9634716882;374460.7706856131;419125.3006743346;469117.278543541;525072.1459048734;587701.1378926637;657800.3235824016;736260.724722537;824079.6413975159;922373.3285810986;1032391.184710002;1155531.632627005;1293359.894754142;1447627.888433928;1620296.494325766;1813560.480908207;2029876.401899283;2271993.821195386;2542990.262224903;2846310.325953376;3185809.47476405;3565803.038745202;3991121.067296788;4467169.723268183;4999999.999999999
2;2417299011244;50;imagz;-98424.7;-88007.2;-78677.7;-70358.5;-62901.4;-56247.2;-50290.7;-44959.9;-40203.3;-35937.2;-32130.3;-28729.7;-25682.9;-22965.1;-20531.3;-18356.2;-16411.8;-14673;-13119;-11728.2;-10485.1;-9373.56;-8379.35;-7490.05;-6694.83;-5983.58;-5347.25;-4777.94;-4268.54;-3812.74;-3404.55;-3039.13;-2711.76;-2418.38;-2155.4;-1919.39;-1707.42;-1516.86;-1345.38;-1190.79;-1051.12;-924.722;-809.986;-705.454;-609.897;-522.142;-441.066;-365.776;-295.373;-229.082
2;2417299011244;50;imagzpwr;9.68742e+09;7.74526e+09;6.19018e+09;4.95032e+09;3.95659e+09;3.16374e+09;2.52916e+09;2.02139e+09;1.6163e+09;1.29148e+09;1.03236e+09;8.25395e+08;6.59613e+08;5.27395e+08;4.21534e+08;3.3695e+08;2.69346e+08;2.15296e+08;1.72107e+08;1.3755e+08;1.09937e+08;8.78636e+07;7.02135e+07;5.61009e+07;4.48208e+07;3.58032e+07;2.85931e+07;2.28287e+07;1.82204e+07;1.4537e+07;1.1591e+07;9.23631e+06;7.35362e+06;5.84858e+06;4.64576e+06;3.68406e+06;2.9153e+06;2.30086e+06;1.81005e+06;1.41797e+06;1.10486e+06;855112;656077;497665;371974;272632;194540;133792;87245.2;52478.5
2;2417299011244;50;imagzstddev;10.7316;17.1381;6.04346;10.7612;8.41602;7.66718;7.04653;3.21954;2.09804;2.98556;2.16253;1.02716;2.01221;0.665122;1.18669;0.430828;0.855566;0.26413;0.403525;0.420341;0.337293;0.358145;0.233229;0.0806366;0.105022;0.0462819;0.0367176;0.0640272;0.0431669;0.0290757;0.0220903;0.042841;0.0184247;0.0135598;0.0183468;0.00440691;0.0105112;0.00652831;0.00369232;0.0150597;0.00373846;0.00207311;0.00375118;0.0133835;0.00712603;0.00162664;0.00286006;0.00701622;0.00155615;0.00103088
2;2417299011244;50;param0;6.33898e+06;5.5166e+06;4.81517e+06;4.18051e+06;3.64937e+06;3.15382e+06;2.71739e+06;2.36998e+06;2.01633e+06;1.72145e+06;1.46572e+06;1.23502e+06;1.03586e+06;872734;727314;605693;503224;416650;344030;283296;232852;190791;156254;127525;103941;84588.5;68723.3;55762.7;45191.9;36573;29562.6;23871.7;19258.6;15520.8;12497.9;10055.9;8085.83;6497.04;5217.77;4188.46;3361;2696.52;2163.54;1736.46;1394.66;1121.96;904.737;732.558;596.916;491.203
2;2417299011244;50;param0pwr;4.02065e+13;3.04348e+13;2.31873e+13;1.74774e+13;1.33184e+13;9.94685e+12;7.38445e+12;5.61686e+12;4.0656e+12;2.96347e+12;2.14837e+12;1.52528e+12;1.07301e+12;7.61665e+11;5.28987e+11;3.66865e+11;2.53235e+11;1.73597e+11;1.18357e+11;8.02567e+10;5.42199e+10;3.64013e+10;2.44154e+10;1.62626e+10;1.08037e+10;7.15522e+09;4.72289e+09;3.10948e+09;2.04231e+09;1.33759e+09;8.73946e+08;5.69858e+08;3.70892e+08;2.40896e+08;1.56197e+08;1.01121e+08;6.53806e+07;4.22115e+07;2.72251e+07;1.75432e+07;1.12963e+07;7.27122e+06;4.6809e+06;3.01531e+06;1.94507e+06;1.2588e+06;818550;536642;356309;241280
2;2417299011244;50;param0stddev;154476;44169.9;36932.5;27356.9;21673.4;16309.7;15282.5;8381.62;3595.8;9110.11;6128.69;3742.28;1675.56;1160.51;1044.93;371.551;712.029;432.367;207.018;151.484;142.379;44.2026;58.5461;37.0782;16.6605;24.1878;8.77917;9.60653;6.03578;2.50952;1.51661;2.26039;1.39327;0.58433;0.32827;0.466166;0.210824;0.0289643;0.0264665;0.0736326;0.0201797;0.0103677;0.0273952;0.0892151;0.0253804;0.00494021;0.00609738;0.0147119;0.00312034;0.00187808
2;2417299011244;50;param1;8.08316e-11;8.07651e-11;8.07137e-11;8.06376e-11;8.05843e-11;8.05126e-11;8.04504e-11;8.03981e-11;8.03259e-11;8.0282e-11;8.02214e-11;8.01514e-11;8.00991e-11;8.00263e-11;7.99653e-11;7.98996e-11;7.98309e-11;7.97617e-11;7.9686e-11;7.9616e-11;7.95398e-11;7.94594e-11;7.93778e-11;7.92931e-11;7.9202e-11;7.91044e-11;7.90004e-11;7.88881e-11;7.87648e-11;7.86258e-11;7.84739e-11;7.82997e-11;7.81015e-11;7.7871e-11;7.75979e-11;7.72766e-11;7.68937e-11;7.64317e-11;7.58661e-11;7.51719e-11;7.43159e-11;7.32462e-11;7.19046e-11;7.02167e-11;6.80649e-11;6.53298e-11;6.1837e-11;5.73666e-11;5.16606e-11;4.44257e-11
2;2417299011244;50;param1pwr;6.53375e-21;6.52301e-21;6.51471e-21;6.50242e-21;6.49383e-21;6.48227e-21;6.47227e-21;6.46386e-21;6.45225e-21;6.4452e-21;6.43548e-21;6.42424e-21;6.41586e-21;6.40421e-21;6.39445e-21;6.38395e-21;6.37298e-21;6.36192e-21;6.34986e-21;6.33871e-21;6.32658e-21;6.31379e-21;6.30084e-21;6.2874e-21;6.27296e-21;6.25751e-21;6.24107e-21;6.22334e-21;6.20389e-21;6.18202e-21;6.15815e-21;6.13084e-21;6.09984e-21;6.06389e-21;6.02144e-21;5.97167e-21;5.91264e-21;5.84181e-21;5.75566e-21;5.65082e-21;5.52286e-21;5.36501e-21;5.17027e-21;4.93039e-21;4.63283e-21;4.26799e-21;3.82382e-21;3.29092e-21;2.66882e-21;1.97364e-21
2;2417299011244;50;param1stddev;9.6796e-15;1.56617e-14;6.10286e-15;1.2089e-14;1.07247e-14;1.0734e-14;1.12268e-14;5.62299e-15;4.24655e-15;6.94217e-15;5.32685e-15;2.73889e-15;6.13513e-15;2.27612e-15;4.75397e-15;1.95063e-15;4.28769e-15;1.39643e-15;2.34719e-15;2.74033e-15;2.46082e-15;3.07989e-15;2.14966e-15;9.9297e-16;1.29215e-15;4.97485e-16;5.44852e-16;1.02109e-15;6.20645e-16;5.13078e-16;6.22562e-16;9.31153e-16;3.81607e-16;4.43132e-16;7.75061e-16;3.69407e-16;3.65638e-16;4.03832e-16;2.35333e-16;8.9201e-16;2.51156e-16;1.81232e-16;1.87461e-16;5.85625e-16;7.66985e-16;8.95374e-17;3.54604e-16;1.12664e-15;3.42813e-16;2.35827e-16
2;2417299011244;50;phasez;-1.55526;-1.55484;-1.55445;-1.55396;-1.55356;-1.55296;-1.55228;-1.55182;-1.55085;-1.54991;-1.54887;-1.54753;-1.54599;-1.54447;-1.54255;-1.54047;-1.53816;-1.53555;-1.53263;-1.52935;-1.52571;-1.52159;-1.51707;-1.51193;-1.50621;-1.49982;-1.49267;-1.48469;-1.47577;-1.46578;-1.45459;-1.44207;-1.42806;-1.41234;-1.39472;-1.37496;-1.35279;-1.32788;-1.29989;-1.26839;-1.23292;-1.1929;-1.1477;-1.09657;-1.03847;-0.972547;-0.897401;-0.811608;-0.713445;-0.600968
2;2417299011244;50;phasezpwr;2.41883;2.41753;2.41632;2.4148;2.41354;2.41168;2.40959;2.40815;2.40514;2.40223;2.39899;2.39483;2.39009;2.38539;2.37947;2.37305;2.36594;2.35792;2.34894;2.33891;2.32778;2.31523;2.30149;2.28592;2.26866;2.24946;2.22806;2.2043;2.1779;2.1485;2.11583;2.07956;2.03935;1.99471;1.94524;1.8905;1.83005;1.76327;1.68971;1.60882;1.52009;1.42301;1.31722;1.20246;1.07842;0.945847;0.805329;0.658708;0.509004;0.361163
2;2417299011244;50;phasezstddev;0.000381231;0.000127264;0.000124741;0.000108479;0.000101837;8.9906e-05;0.000103661;6.6149e-05;3.60274e-05;0.00011239;9.12971e-05;7.01395e-05;3.83796e-05;3.48071e-05;4.17146e-05;1.91937e-05;4.70548e-05;3.64892e-05;2.20733e-05;2.09776e-05;2.68298e-05;1.21596e-05;1.95806e-05;1.77149e-05;1.0792e-05;2.00787e-05;9.99636e-06;1.46208e-05;1.18834e-05;6.63125e-06;6.75105e-06;1.08978e-05;9.81178e-06;5.98943e-06;5.72718e-06;9.64182e-06;4.92859e-06;2.12323e-06;1.54346e-06;2.43543e-06;1.54489e-06;1.43185e-06;4.8246e-06;2.3034e-05;8.55854e-06;1.75032e-06;8.9886e-07;1.31546e-05;2.05429e-06;2.15982e-06
2;2417299011244;50;realz;1529.52;1404.44;1285.98;1184.53;1084.54;1003.49;931.077;853.233;801.928;750.58;704.687;668.695;637.173;604.723;580.04;556.817;535.812;517.374;500.997;486.369;473.094;461.639;450.654;441.45;433.018;425.403;418.612;412.44;406.842;401.895;397.426;393.398;389.723;386.443;383.491;380.776;378.238;375.887;373.659;371.492;369.311;367.09;364.728;362.107;359.256;355.876;351.881;347.088;341.26;334.153
2;2417299011244;50;realzpwr;2.34084e+06;1.97257e+06;1.65383e+06;1.40317e+06;1.17627e+06;1.00702e+06;866932;728015;643090;563387;496592;447157;405990;365690;336447;310045;287095;267676;250998;236554;223818;213111;203089;194878;187505;180967;175236;170107;165520;161520;157948;154762;151884;149338;147066;144991;143064;141291;139621;138006;136390;134755;133027;131122;129065;126648;123820;120470;116458;111658
2;2417299011244;50;realzstddev;37.6813;11.1485;9.78589;7.48351;6.37774;4.93166;5.19565;2.93425;1.46868;4.08521;2.92318;2.00387;0.940417;0.794592;0.880606;0.363195;0.787188;0.533716;0.278078;0.232277;0.27403;0.123189;0.160069;0.13704;0.0756193;0.118659;0.0535852;0.0690788;0.0471209;0.0231109;0.0256369;0.029298;0.0251198;0.0147377;0.0151107;0.0194005;0.00725878;0.00494168;0.00271579;0.003939;0.00188676;0.00171154;0.00342288;0.0141993;0.00626064;0.000567087;0.00195992;0.00713901;0.00214536;0.0014312
2;2417299011244;50;settling;0.132279;0.132279;0.132279;0.132279;0.132279;0.132279;0.132279;0.132279;0.132279;0.132279;0.132279;0.132279;0.132279;0.132279;0.132279;0.132279;0.132279;0.132279;0.132279;0.132279;0.132279;0.132279;0.132279;0.132279;0.132279;0.132279;0.132279;0.132279;0.132279;0.132279;0.132279;0.132279;0.132279;0.132279;0.132279;0.132279;0.132279;0.132279;0.132279;0.132279;0.132279;0.132279;0.132279;0.132279;0.132279;0.132279;0.132279;0.132279;0.132279;0.132279
2;2417299011244;50;tc;0.00509713;0.00509713;0.00509713;0.00509713;0.00509713;0.00509713;0.00509713;0.00509713;0.00509713;0.00509713;0.00509713;0.00509713;0.00509713;0.00509713;0.00509713;0.00509713;0.00509713;0.00509713;0.00509713;0.00509713;0.00509713;0.00509713;0.00509713;0.00509713;0.00509713;0.00509713;0.00509713;0.00509713;0.00509713;0.00509713;0.00509713;0.00509713;0.00509713;0.00509713;0.00509713;0.00509713;0.00509713;0.00509713;0.00509713;0.00509713;0.00509713;0.00509713;0.00509713;0.00509713;0.00509713;0.00509713;0.00509713;0.00509713;0.00509713;0.00509713
2;2417299011244;50;tcmeas;0.00509713;0.00509713;0.00509713;0.00509713;0.00509713;0.00509713;0.00509713;0.00509713;0.00509713;0.00509713;0.00509713;0.00509713;0.00509713;0.00509713;0.00509713;0.00509713;0.00509713;0.00509713;0.00509713;0.00509713;0.00509713;0.00509713;0.00509713;0.00509713;0.00509713;0.00509713;0.00509713;0.00509713;0.00509713;0.00509713;0.00509713;0.00509713;0.00509713;0.00509713;0.00509713;0.00509713;0.00509713;0.00509713;0.00509713;0.00509713;0.00509713;0.00509713;0.00509713;0.00509713;0.00509713;0.00509713;0.00509713;0.00509713;0.00509713;0.00509713
2;2417299011244;50;count;1339;1339;1339;1339;1339;1339;1339;1339;1339;1339;1339;1339;1339;1339;1339;1339;1339;1339;1339;1339;1339;1339;1339;1339;1339;1339;1339;1339;1339;1339;1339;1339;1339;1339;1339;1339;1339;1339;1339;1339;1339;1339;1339;1339;1339;1339;1339;1339;1339;1339
2;2417299011244;50;flags;0;0;0;0;0;0;0;0;0;0;0;0;0;0;0;0;0;0;0;0;0;0;0;0;0;0;0;0;0;0;0;0;0;0;0;0;0;0;0;0;0;0;0;0;0;0;0;0;0;0
2;2417299011244;50;nexttimestamp;2416560283802;2416575232825;2416590420571;2416605502002;2416620397333;2416635429268;2416650564809;2416665606157;2416680491089;2416695586996;2416710683758;2416725707771;2416740777993;2416755937880;2416771302710;2416786722054;2416802064167;2416816984345;2416832172797;2416847151979;2416861979360;2416877075938;2416892191385;2416907285268;2416922308722;2416937732183;2416952475208;2416967404115;2416982583031;2416997759422;2417012659364;2417027913631;2417042776992;2417057657023;2417073036404;2417087857496;2417103068838;2417118194308;2417133205377;2417148306781;2417163387331;2417178441784;2417193432204;2417208812797;2417223477162;2417238682302;2417253650858;2417268699362;2417283697238;2417299011244
2;2417299011244;50;settimestamp;2416552347050;2416567296073;2416582483819;2416597565250;2416612460581;2416627492516;2416642628057;2416657669405;2416672554337;2416687650244;2416702747006;2416717771019;2416732841241;2416748001128;2416763365958;2416778785302;2416794127415;2416809047593;2416824236045;2416839215227;2416854042608;2416869139186;2416884254633;2416899348516;2416914371970;2416929795431;2416944538456;2416959467363;2416974646279;2416989822670;2417004722612;2417019976879;2417034840240;2417049720271;2417065099652;2417079920744;2417095132086;2417110257556;2417125268625;2417140370029;2417155450579;2417170505032;2417185495452;2417200876045;2417215540410;2417230745550;2417245714106;2417260762610;2417275760486;2417291074492
3;2417615437545;20;absz;19993.3;16299.6;13287.5;10829.1;8827.61;7196.12;5864.99;4781.06;3896.58;3175.87;2587.77;2108.08;1716.73;1397.47;1136.77;924.021;750.431;609.198;495.016;404.166
3;2417615437545;20;abszpwr;3.99733e+08;2.65676e+08;1.76558e+08;1.1727e+08;7.79267e+07;5.17842e+07;3.43982e+07;2.28585e+07;1.51833e+07;1.00862e+07;6.69654e+06;4.44402e+06;2.94717e+06;1.95293e+06;1.29225e+06;853816;563147;371122;245041;163350
3;2417615437545;20;abszstddev;0.589305;0.191752;0.176863;0.606876;0.375722;0.114019;0.0898325;0.0747141;0.0347151;0.0304436;0.0136666;0.0285788;0.0124134;0.00625991;0.00800481;0.0083362;0.00893665;0.00231304;0.00214937;0.0020596
3;2417615437545;20;bandwidth;10.2741;10.2741;10.2741;10.2741;10.2741;10.2741;10.2741;10.2741;10.2741;10.2741;10.2741;10.2741;10.2741;10.2741;10.2741;10.2741;10.2741;10.2741;10.2741;10.2741
3;2417615437545;20;bias;0;0;0;0;0;0;0;0;0;0;0;0;0;0;0;0;0;0;0;0
3;2417615437545;20;biaspwr;0;0;0;0;0;0;0;0;0;0;0;0;0;0;0;0;0;0;0;0
3;2417615437545;20;biasstddev;0;0;0;0;0;0;0;0;0;0;0;0;0;0;0;0;0;0;0;0
3;2417615437545;20;drive;0.300003;0.300003;0.300003;0.300003;0.300003;0.300003;0.300003;0.300003;0.300003;0.300003;0.300003;0.300003;0.300003;0.300003;0.300003;0.300003;0.300003;0.300003;0.300003;0.300003
3;2417615437545;20;drivepwr;0.0900018;0.0900018;0.0900018;0.0900018;0.0900018;0.0900018;0.0900018;0.0900018;0.0900018;0.0900018;0.0900018;0.0900018;0.0900018;0.0900018;0.0900018;0.0900018;0.0900018;0.0900018;0.0900018;0.0900018
3;2417615437545;20;drivestddev;0;0;0;0;0;0;0;0;0;0;0;0;0;0;0;0;0;0;0;0
3;2417615437545;20;frequency;99999.99999990905;122862.535599424;150952.0265389597;185463.4873444638;227865.1431623047;279960.8926363817;343967.05137965;422606.6409511731;519225.2346839865;637933.2888043621;783781.0140572543;962973.2274171232;1183133.324347452;1453627.601814205;1785963.729760951;2194280.323268956;2695948.443325946;3312310.615921419;4069588.809647371;4999999.999999929
3;2417615437545;20;frequencypwr;9999999999.981911;15095202653.91964;22786514316.21875;34396705137.96936;51922523468.37658;78378101405.76071;118313332434.8123;178596372976.0317;269594844332.6433;406958880964.7499;614312677996.6244;927317436722.1434;1399804463181.482;2113033204756.049;3189666444021.601;4814866137085.268;7268138009071.78;10971401616345.88;16561553079607.6;24999999999999.78
3;2417615437545;20;frequencystddev;0;0;0;0;0;0;0;0;0;0;0;0;0;0;0;0;0;0;0;0
3;2417615437545;20;grid;100000;122862.5355993477;150952.02653901;185463.4873444279;227865.1431623399;279960.8926363343;343967.0513795677;422606.6409512487;519225.2346839353;637933.2888043477;783781.0140573311;962973.2274171185;1183133.324347544;1453627.60181425;1785963.729760977;2194280.323269017;2695948.443325882;3312310.615921321;4069588.809647314;4999999.999999999
3;2417615437545;20;imagz;-19984.8;-16290.9;-13278.3;-10819.3;-8816.84;-7184.15;-5851.47;-4765.56;-3878.63;-3154.85;-2562.93;-2078.5;-1681.28;-1354.71;-1084.93;-860.84;-673.013;-513.803;-376.681;-256.2
3;2417615437545;20;imagzpwr;3.99393e+08;2.65393e+08;1.76314e+08;1.17057e+08;7.77366e+07;5.1612e+07;3.42397e+07;2.27105e+07;1.50438e+07;9.95305e+06;6.56859e+06;4.32016e+06;2.82669e+06;1.83525e+06;1.17707e+06;741045;452946;263993;141889;65638.6
3;2417615437545;20;imagzstddev;0.606611;0.184574;0.172698;0.61286;0.367486;0.126582;0.0926693;0.06937;0.0327859;0.031989;0.0129568;0.0288643;0.0107039;0.00713349;0.00882541;0.00910892;0.00883205;0.00177134;0.00131882;0.00217452
3;2417615437545;20;param0;684970;498916;357878;254146;178764;124809;86412.2;59429.6;40643.8;27643.7;18721;12627.3;8490.83;5692.94;3807.7;2542.53;1696.4;1133.87;762.956;522.573
3;2417615437545;20;param0pwr;4.69191e+11;2.48918e+11;1.28077e+11;6.45901e+10;3.19565e+10;1.55772e+10;7.46707e+09;3.53188e+09;1.65192e+09;7.64172e+08;3.50475e+08;1.59449e+08;7.20942e+07;3.24096e+07;1.44986e+07;6.46445e+06;2.87778e+06;1.28567e+06;582101;273082
3;2417615437545;20;param0stddev;2653.73;847.989;302.577;114.48;126.83;85.4127;15.9252;15.4829;4.82325;1.61784;0.560472;0.355865;0.241427;0.111301;0.073446;0.0497216;0.0325589;0.00370674;0.00260554;0.00383184
3;2417615437545;20;param1;7.95701e-11;7.94314e-11;7.92936e-11;7.91722e-11;7.90258e-11;7.8868e-11;7.87106e-11;7.85145e-11;7.83025e-11;7.80363e-11;7.77161e-11;7.73001e-11;7.67398e-11;7.59501e-11;7.48174e-11;7.31284e-11;7.05521e-11;6.65226e-11;6.0118e-11;4.99241e-11
3;2417615437545;20;param1pwr;6.3314e-21;6.30935e-21;6.28748e-21;6.26824e-21;6.24508e-21;6.22017e-21;6.19536e-21;6.16453e-21;6.13128e-21;6.08966e-21;6.03979e-21;5.9753e-21;5.889e-21;5.76841e-21;5.59765e-21;5.34777e-21;4.9776e-21;4.42526e-21;3.61418e-21;2.49242e-21
3;2417615437545;20;param1stddev;2.30366e-15;9.89059e-16;1.08703e-15;4.38937e-15;3.43756e-15;1.12011e-15;1.16664e-15;1.32017e-15;7.42324e-16;7.06126e-16;4.32634e-16;1.02322e-15;6.3259e-16;2.89568e-16;4.50447e-16;5.48629e-16;7.9605e-16;2.84858e-16;3.43943e-16;1.45227e-16
3;2417615437545;20;phasez;-1.5416;-1.53812;-1.53366;-1.52817;-1.52139;-1.51311;-1.50287;-1.49026;-1.47478;-1.45566;-1.43212;-1.40306;-1.36721;-1.32279;-1.26763;-1.19885;-1.11256;-1.0036;-0.864772;-0.686584
3;2417615437545;20;phasezpwr;2.37654;2.36581;2.35211;2.33531;2.31464;2.28949;2.25862;2.22088;2.17497;2.11893;2.05098;1.96859;1.86925;1.74977;1.60688;1.43725;1.23779;1.00721;0.74783;0.471397
3;2417615437545;20;phasezstddev;0.000113323;5.56699e-05;3.15732e-05;1.71896e-05;3.61122e-05;3.88304e-05;1.1854e-05;2.18182e-05;1.17955e-05;5.84102e-06;4.43067e-06;2.94715e-06;6.77791e-06;4.07767e-06;4.07343e-06;4.23925e-06;5.71548e-06;1.30857e-06;2.2381e-06;3.09745e-06
3;2417615437545;20;realz;583.587;532.508;493.346;461.429;435.92;414.908;398.071;384.631;373.571;364.864;357.702;351.937;347.1;343.044;339.378;335.814;331.966;327.305;321.173;312.588
3;2417615437545;20;realzpwr;340579;283566;243391;212917;190026;172149;158460;147941;139555;133126;127951;123860;120478;117679;115177;112771;110201;107128;103152;97711.5
3;2417615437545;20;realzstddev;2.26116;0.908884;0.421263;0.165389;0.328245;0.273965;0.0656953;0.107942;0.0473576;0.0157363;0.012262;0.00471185;0.0132254;0.00455761;0.00276246;0.00136516;0.00450052;0.0016876;0.0020268;0.00103952
3;2417615437545;20;settling;0.132279;0.132279;0.132279;0.132279;0.132279;0.132279;0.132279;0.132279;0.132279;0.132279;0.132279;0.132279;0.132279;0.132279;0.132279;0.132279;0.132279;0.132279;0.132279;0.132279
3;2417615437545;20;tc;0.00509713;0.00509713;0.00509713;0.00509713;0.00509713;0.00509713;0.00509713;0.00509713;0.00509713;0.00509713;0.00509713;0.00509713;0.00509713;0.00509713;0.00509713;0.00509713;0.00509713;0.00509713;0.00509713;0.00509713
3;2417615437545;20;tcmeas;0.00509713;0.00509713;0.00509713;0.00509713;0.00509713;0.00509713;0.00509713;0.00509713;0.00509713;0.00509713;0.00509713;0.00509713;0.00509713;0.00509713;0.00509713;0.00509713;0.00509713;0.00509713;0.00509713;0.00509713
3;2417615437545;20;count;1339;1339;1339;1339;1339;1339;1339;1339;1339;1339;1339;1339;1339;1339;1339;1339;1339;1339;1339;1339
3;2417615437545;20;flags;0;0;0;0;0;0;0;0;0;0;0;0;0;0;0;0;0;0;0;0
3;2417615437545;20;nexttimestamp;2417329515517;2417344034461;2417359339029;2417374019230;2417389414393;2417404624682;2417419291090;2417434577581;2417449780600;2417464690379;2417479934651;2417494855998;2417509888315;2417524852288;2417540025036;2417554743050;2417570086811;2417585103354;2417599976623;2417615437545
3;2417615437545;20;settimestamp;2417321578765;2417336097709;2417351402277;2417366082478;2417381477641;2417396687930;2417411354338;2417426640829;2417441843848;2417456753627;2417471997899;2417486919246;2417501951563;2417516915536;2417532088284;2417546806298;2417562150059;2417577166602;2417592039871;2417607500793
