chunk;timestamp;size;fieldname;;;;;;;;;;;;;;;;;;;;
0;5258391987326;20;absz;1.45558e+08;1.05958e+08;7.71088e+07;5.60794e+07;4.07802e+07;2.96374e+07;2.15588e+07;1.56656e+07;1.13861e+07;8.27401e+06;6.0114e+06;4.36701e+06;3.17191e+06;2.30345e+06;1.67247e+06;1.21412e+06;881194;639461;463958;336564
0;5258391987326;20;abszpwr;2.11873e+16;1.12272e+16;5.94577e+15;3.1449e+15;1.66302e+15;8.78378e+14;4.64782e+14;2.45412e+14;1.29642e+14;6.84592e+13;3.61369e+13;1.90708e+13;1.0061e+13;5.30587e+12;2.79715e+12;1.47408e+12;7.76504e+11;4.08911e+11;2.15257e+11;1.13276e+11
0;5258391987326;20;abszstddev;171294;120337;29876.2;25291.2;15522.4;1767;2042.99;993.068;866.155;155.988;250.872;45.6698;19.3459;12.1487;14.2633;4.41705;7.11368;3.32613;1.28524;2.9901
0;5258391987326;20;bandwidth;10.2741;10.2741;10.2741;10.2741;10.2741;5.99314;7.7055;10.2741;10.2741;10.2741;10.2741;10.2741;10.2741;10.2741;10.2741;10.2741;10.2741;10.2741;10.2741;10.2741
0;5258391987326;20;bias;0;0;0;0;0;0;0;0;0;0;0;0;0;0;0;0;0;0;0;0
0;5258391987326;20;biaspwr;0;0;0;0;0;0;0;0;0;0;0;0;0;0;0;0;0;0;0;0
0;5258391987326;20;biasstddev;0;0;0;0;0;0;0;0;0;0;0;0;0;0;0;0;0;0;0;0
0;5258391987326;20;drive;0.300003;0.300003;0.300003;0.300003;0.300003;0.300003;0.300003;0.300003;0.300003;0.300003;0.300003;0.300003;0.300003;0.300003;0.300003;0.300003;0.300003;0.300003;0.300003;0.300003
0;5258391987326;20;drivepwr;0.0900018;0.0900018;0.0900018;0.0900018;0.0900018;0.0900018;0.0900018;0.0900018;0.0900018;0.0900018;0.0900018;0.0900018;0.0900018;0.0900018;0.0900018;0.0900018;0.0900018;0.0900018;0.0900018;0.0900018
0;5258391987326;20;drivestddev;0;0;0;0;0;0;0;0;0;0;0;0;0;0;0;0;0;0;0;0
0;5258391987326;20;frequency;9.999999974752427;13.86918846435492;19.23543905490988;26.67799336109056;37.00021196095804;51.31629158938722;71.17153245417285;98.70914048804025;136.9015682683994;189.8713664161278;263.3361782500288;365.2259113806622;506.5387032487934;702.5280792305466;974.3494403835484;1351.343611730726;1874.203936580443;2599.368780806799;3605.113577052066;4999.99999995282
0;5258391987326;20;frequencypwr;99.99999949500553;192.3543886598173;370.0021156351938;711.7153297743778;1369.015685155935;2633.361782486973;5065.387031875493;9743.494415887966;18742.03939434763;36051.13578472789;69345.94277532931;133389.9663438387;256581.4578889652;493545.7021073564;949356.8319757177;1826129.5569654;3512640.395893622;6756718.058632946;12996843.90344478;24999999.99952776
0;5258391987326;20;frequencystddev;0;0;0;0;0;0;0;0;0;0;0;0;0;0;0;0;0;0;0;0
0;5258391987326;20;grid;10;13.86918856530028;19.2354391459856;26.67799326520329;37.00021191389153;51.31629159898316;71.17153246582319;98.70914042498926;136.901568167288;189.8713663797429;263.3361783471869;365.2259113562678;506.5387033533725;702.5280792430627;974.3494403440249;1351.343611662607;1874.203936666262;2599.36878074525;3605.113577091053;4999.999999999999
0;5258391987326;20;imagz;-1.45395e+08;-1.05848e+08;-7.70346e+07;-5.6028e+07;-4.07445e+07;-2.96127e+07;-2.15416e+07;-1.56536e+07;-1.13776e+07;-8.26805e+06;-6.00719e+06;-4.36401e+06;-3.16976e+06;-2.30188e+06;-1.67131e+06;-1.21324e+06;-880513;-638907;-463486;-336138
0;5258391987326;20;imagzpwr;2.11397e+16;1.12038e+16;5.93432e+15;3.13913e+15;1.66012e+15;8.76914e+14;4.64039e+14;2.45036e+14;1.29451e+14;6.83606e+13;3.60863e+13;1.90446e+13;1.00474e+13;5.29867e+12;2.79329e+12;1.47196e+12;7.75303e+11;4.08202e+11;2.14819e+11;1.12989e+11
0;5258391987326;20;imagzstddev;169419;119351;29164.2;25231.2;15467;1802.86;2030.11;956.811;856.205;154.72;251.724;44.8211;19.2514;12.3362;14.1724;4.37303;7.23438;3.44243;1.24939;2.96942
0;5258391987326;20;param0;3.07477e+09;2.3213e+09;1.75751e+09;1.30962e+09;9.75918e+08;7.25938e+08;5.39216e+08;4.00595e+08;2.95947e+08;2.17958e+08;1.60659e+08;1.17788e+08;8.61148e+07;6.25107e+07;4.5009e+07;3.19948e+07;2.24092e+07;1.5365e+07;1.02826e+07;6.69157e+06
0;5258391987326;20;param0pwr;9.45941e+18;5.38998e+18;3.08912e+18;1.71525e+18;9.52489e+17;5.26991e+17;2.90754e+17;1.60477e+17;8.75849e+16;4.75057e+16;2.58116e+16;1.3874e+16;7.41576e+15;3.90758e+15;2.02581e+15;1.02367e+15;5.0217e+14;2.36084e+14;1.05732e+14;4.47771e+13
0;5258391987326;20;param0stddev;7.21841e+07;3.94118e+07;1.69729e+07;1.21124e+07;8.51649e+06;2.21478e+06;549425;637427;519021;107584;297614;27028.2;19515;7006.5;10832.5;3266.09;2785.09;2957.71;480.803;291.747
0;5258391987326;20;param1;1.09218e-10;1.08188e-10;1.072e-10;1.06283e-10;1.05387e-10;1.04559e-10;1.03643e-10;1.02845e-10;1.02027e-10;1.01235e-10;1.00469e-10;9.97184e-11;9.899e-11;9.82841e-11;9.75995e-11;9.69351e-11;9.62932e-11;9.56669e-11;9.50561e-11;9.44565e-11
0;5258391987326;20;param1pwr;1.19287e-20;1.17048e-20;1.14919e-20;1.12961e-20;1.11064e-20;1.09326e-20;1.0742e-20;1.05771e-20;1.04096e-20;1.02486e-20;1.00939e-20;9.94377e-21;9.79902e-21;9.65976e-21;9.52566e-21;9.39641e-21;9.27237e-21;9.15215e-21;9.03566e-21;8.92204e-21
0;5258391987326;20;param1stddev;1.30069e-13;1.23863e-13;4.25595e-14;4.80611e-14;4.02785e-14;6.14488e-15;9.87894e-15;6.75475e-15;7.85328e-15;1.92536e-15;4.19181e-15;1.06217e-15;6.07817e-16;5.10284e-16;8.38328e-16;3.5647e-16;7.63704e-16;4.8116e-16;2.70551e-16;8.44035e-16
0;5258391987326;20;phasez;-1.52341;-1.52512;-1.5269;-1.52796;-1.52899;-1.52996;-1.5308;-1.53168;-1.53231;-1.53283;-1.53337;-1.53371;-1.53395;-1.53394;-1.53363;-1.53284;-1.53146;-1.52917;-1.52566;-1.52048
0;5258391987326;20;phasezpwr;2.32079;2.32599;2.33144;2.33466;2.33782;2.34077;2.34336;2.34604;2.34798;2.34955;2.35122;2.35227;2.35302;2.35297;2.35202;2.3496;2.34538;2.33835;2.32764;2.31185
0;5258391987326;20;phasezstddev;0.00111453;0.000783927;0.000432555;0.000397921;0.000365429;0.000123797;4.18451e-05;6.44737e-05;6.84559e-05;1.88882e-05;6.93086e-05;8.73463e-06;8.375e-06;4.02012e-06;8.99466e-06;3.90834e-06;4.63868e-06;7.89849e-06;2.20502e-06;2.35058e-06
0;5258391987326;20;realz;6.89452e+06;4.83802e+06;3.3834e+06;2.40159e+06;1.70419e+06;1.21e+06;861960;612619;438061;314094;224929;161908;116833;84879.5;62146.5;46072.5;34651.2;26613.1;20934.1;16928.1
0;5258391987326;20;realzpwr;4.75614e+13;2.34136e+13;1.14485e+13;5.76813e+12;2.90448e+12;1.46412e+12;7.42976e+11;3.75303e+11;1.91898e+11;9.86549e+10;5.05934e+10;2.62141e+10;1.36499e+10;7.20452e+09;3.86218e+09;2.12267e+09;1.2007e+09;7.08257e+08;4.38235e+08;2.8656e+08
0;5258391987326;20;realzstddev;164168;84501.4;33979.3;22382.6;14960.3;3651.49;930.782;1044.42;790.362;157.535;416.124;39.138;26.6332;9.00888;15.129;4.78578;3.86995;4.97223;1.06652;0.865503
0;5258391987326;20;settling;0.332279;0.276484;0.236254;0.207247;0.186333;0.226766;0.176373;0.132279;0.132279;0.132279;0.132279;0.132279;0.132279;0.132279;0.132279;0.132279;0.132279;0.132279;0.132279;0.132279
0;5258391987326;20;tc;0.00509713;0.00509713;0.00509713;0.00509713;0.00509713;0.00873802;0.00679621;0.00509713;0.00509713;0.00509713;0.00509713;0.00509713;0.00509713;0.00509713;0.00509713;0.00509713;0.00509713;0.00509713;0.00509713;0.00509713
0;5258391987326;20;tcmeas;0.00509713;0.00509713;0.00509713;0.00509713;0.00509713;0.00873802;0.00679621;0.00509713;0.00509713;0.00509713;0.00509713;0.00509713;0.00509713;0.00509713;0.00509713;0.00509713;0.00509713;0.00509713;0.00509713;0.00509713
0;5258391987326;20;count;20089;14485;10444;7530;5430;1755;1365;1339;1339;1339;1339;1339;1339;1339;1339;1339;1339;1339;1339;1339
0;5258391987326;20;flags;0;0;0;0;0;0;0;0;0;0;0;0;0;0;0;0;0;0;0;0
0;5258391987326;20;nexttimestamp;5257840588564;5257947926323;5258028554720;5258089230448;5258134936192;5258175843646;5258196034024;5258211719956;5258226349334;5258241364369;5258256576186;5258271500417;5258286412190;5258301706950;5258316854761;5258331655194;5258346960360;5258362097100;5258376999752;5258391987326
0;5258391987326;20;settimestamp;5257820651812;5257931337299;5258014379483;5258076795607;5258123756216;5258162237656;5258185451628;5258203783204;5258218412582;5258233427617;5258248639434;5258263563665;5258278475438;5258293770198;5258308918009;5258323718442;5258339023608;5258354160348;5258369063000;5258384050574
1;5259161975771;50;absz;7.79849e+06;6.65529e+06;5.71094e+06;4.88974e+06;4.17985e+06;3.57456e+06;3.0575e+06;2.61536e+06;2.23632e+06;1.91332e+06;1.63628e+06;1.39949e+06;1.19663e+06;1.02345e+06;875345;748457;639951;547207;467906;400031;342012;292409;249987;213715;182701;156185;133514;114131;97562.1;83395.5;71284.8;60930.8;52080.1;44514.7;38046.8;32517.1;27790.9;23750;20295;17341.4;14815.1;12654.9;10807.4;9226.57;7873.48;6715.12;5722.6;4871.47;4140.8;3512.68
1;5259161975771;50;abszpwr;6.08166e+13;4.42929e+13;3.26148e+13;2.39096e+13;1.74712e+13;1.27775e+13;9.34831e+12;6.8401e+12;5.00112e+12;3.66079e+12;2.6774e+12;1.95857e+12;1.43193e+12;1.04746e+12;7.66229e+11;5.60187e+11;4.09537e+11;2.99436e+11;2.18936e+11;1.60025e+11;1.16972e+11;8.55028e+10;6.24935e+10;4.56743e+10;3.33797e+10;2.43938e+10;1.7826e+10;1.30259e+10;9.51837e+09;6.95482e+09;5.08152e+09;3.71256e+09;2.71233e+09;1.98155e+09;1.44756e+09;1.05736e+09;7.72333e+08;5.64065e+08;4.11887e+08;3.00725e+08;2.19488e+08;1.60147e+08;1.168e+08;8.51297e+07;6.19917e+07;4.50928e+07;3.27481e+07;2.37312e+07;1.71462e+07;1.23389e+07
1;5259161975771;50;abszstddev;11572.5;7836.47;4268.66;4458.71;2074.26;666.313;1055.89;722.273;319.028;184.57;339.236;58.1969;119.884;101.037;33.5084;25.0357;7.81908;16.8514;16.9204;12.8508;4.13082;2.31069;2.9065;1.24723;2.04779;0.78436;1.19635;0.553858;0.275592;0.882609;0.172243;0.0824385;0.134728;0.0888254;0.12552;0.168739;0.095646;0.0836111;0.0368266;0.0573802;0.0901555;0.0228167;0.0348941;0.0281199;0.0327992;0.0193621;0.0156824;0.00555666;0.00828809;0.0166236
1;5259161975771;50;bandwidth;10.2741;10.2741;10.2741;10.2741;10.2741;10.2741;10.2741;10.2741;10.2741;10.2741;10.2741;10.2741;10.2741;10.2741;10.2741;10.2741;10.2741;10.2741;10.2741;10.2741;10.2741;10.2741;10.2741;10.2741;10.2741;10.2741;10.2741;10.2741;10.2741;10.2741;10.2741;10.2741;10.2741;10.2741;10.2741;10.2741;10.2741;10.2741;10.2741;10.2741;10.2741;10.2741;10.2741;10.2741;10.2741;10.2741;10.2741;10.2741;10.2741;10.2741
1;5259161975771;50;bias;0;0;0;0;0;0;0;0;0;0;0;0;0;0;0;0;0;0;0;0;0;0;0;0;0;0;0;0;0;0;0;0;0;0;0;0;0;0;0;0;0;0;0;0;0;0;0;0;0;0
1;5259161975771;50;biaspwr;0;0;0;0;0;0;0;0;0;0;0;0;0;0;0;0;0;0;0;0;0;0;0;0;0;0;0;0;0;0;0;0;0;0;0;0;0;0;0;0;0;0;0;0;0;0;0;0;0;0
1;5259161975771;50;biasstddev;0;0;0;0;0;0;0;0;0;0;0;0;0;0;0;0;0;0;0;0;0;0;0;0;0;0;0;0;0;0;0;0;0;0;0;0;0;0;0;0;0;0;0;0;0;0;0;0;0;0
1;5259161975771;50;drive;0.300003;0.300003;0.300003;0.300003;0.300003;0.300003;0.300003;0.300003;0.300003;0.300003;0.300003;0.300003;0.300003;0.300003;0.300003;0.300003;0.300003;0.300003;0.300003;0.300003;0.300003;0.300003;0.300003;0.300003;0.300003;0.300003;0.300003;0.300003;0.300003;0.300003;0.300003;0.300003;0.300003;0.300003;0.300003;0.300003;0.300003;0.300003;0.300003;0.300003;0.300003;0.300003;0.300003;0.300003;0.300003;0.300003;0.300003;0.300003;0.300003;0.300003
1;5259161975771;50;drivepwr;0.0900018;0.0900018;0.0900018;0.0900018;0.0900018;0.0900018;0.0900018;0.0900018;0.0900018;0.0900018;0.0900018;0.0900018;0.0900018;0.0900018;0.0900018;0.0900018;0.0900018;0.0900018;0.0900018;0.0900018;0.0900018;0.0900018;0.0900018;0.0900018;0.0900018;0.0900018;0.0900018;0.0900018;0.0900018;0.0900018;0.0900018;0.0900018;0.0900018;0.0900018;0.0900018;0.0900018;0.0900018;0.0900018;0.0900018;0.0900018;0.0900018;0.0900018;0.0900018;0.0900018;0.0900018;0.0900018;0.0900018;0.0900018;0.0900018;0.0900018
1;5259161975771;50;drivestddev;0;0;0;0;0;0;0;0;0;0;0;0;0;0;0;0;0;0;0;0;0;0;0;0;0;0;0;0;0;0;0;0;0;0;0;0;0;0;0;0;0;0;0;0;0;0;0;0;0;0
1;5259161975771;50;frequency;199.9999999213742;234.625769479635;275.2462588517801;322.8993264769997;378.802514688914;444.3841576318164;521.3198749487447;611.5753842550475;717.456725922716;841.6691823498468;987.3863981368913;1158.33146786315;1358.872060208682;1594.132014446359;1870.122253535556;2193.894364737048;2573.720768452858;3019.306079821149;3542.035062906734;4155.263512473084;4874.659497176026;5718.603679767398;6708.658946337209;7870.121340545211;9232.666380967203;10831.10727442716;12706.28439819177;14906.10877695531;17486.78621595445;20514.25336674129;24065.86241733066;28232.35745111674;33120.19296963342;38854.25382030405;45581.04601983359;53472.44000269313;62730.06193403319;73590.44528463698;86331.07429211862;101277.4737211686;118811.5260634959;139381.228686517;163512.140226203;191820.8086789974;225030.524286467;263989.7996954232;309694.0495706946;363311.0235703185;426210.642505751;499999.9999999716
1;5259161975771;50;frequencypwr;39999.99996855055;55049.25170391121;75760.50301190092;104263.9750393024;143491.3451346456;197477.2795541348;271774.4120165716;374024.4506267179;514744.1535717338;708407.0125174528;974931.8992257303;1341731.789442009;1846533.276015769;2541256.879482775;3497357.243168852;4813172.483625099;6624038.593965535;9116209.203645075;12546012.38686036;17266214.85808973;23762305.21340865;32702428.04624938;45006104.85826925;61938809.9149033;85242128.50224282;117312884.7901486;161449663.207733;222192078.8704225;305787692.1624913;420834591.194869;579165733.889892;797066007.2476498;1096947182.345725;1509653039.932617;2077631756.262204;2859301839.841683;3935060670.24766;5415553637.191184;7453054388.431465;10257126683.34184;14116178725.53688;19427126910.16373;26736220001.35252;36795222642.2651;50638736860.64111;69690614343.22987;95910404339.49678;131994899847.7158;181655511785.1631;249999999999.9741
1;5259161975771;50;frequencystddev;0;0;0;0;0;0;0;0;0;0;0;0;0;0;0;0;0;0;0;0;0;0;0;0;0;0;0;0;0;0;0;0;0;0;0;0;0;0;0;0;0;0;0;0;0;0;0;0;0;0
1;5259161975771;50;grid;200;234.625769577406;275.24625874895;322.8993264113714;378.8025147764702;444.38415773643;521.3198749845864;611.5753843212788;717.4567260048893;841.6691823869163;987.3863982355815;1158.331467781432;1358.872060269723;1594.132014490097;1870.122253538597;2193.894364701633;2573.720768448274;3019.306079872645;3542.0350628993;4155.26351251452;4874.659497103171;5718.603679678212;6708.658946263437;7870.121340497041;9232.666380908422;10831.10727436042;12706.28439811127;14906.10877688122;17486.7862159014;20514.25336670721;24065.8624173479;28232.35745107106;33120.19296970986;38854.25382035175;45581.04601977958;53472.4400026697;62730.06193404024;73590.44528456265;86331.0742921725;101277.4737212261;118811.5260634907;139381.2286865629;163512.1402261459;191820.8086790414;225030.5242864022;263989.7996955213;309694.0495707347;363311.0235703847;426210.6425057829;499999.9999999999
1;5259161975771;50;imagz;-7.79238e+06;-6.65085e+06;-5.70708e+06;-4.88659e+06;-4.17717e+06;-3.5724e+06;-3.05563e+06;-2.6138e+06;-2.23503e+06;-1.91223e+06;-1.63537e+06;-1.39874e+06;-1.19599e+06;-1.02292e+06;-874897;-748082;-639635;-546938;-467679;-399838;-341848;-292269;-249868;-213613;-182613;-156109;-133448;-114073;-97510.9;-83350;-71244;-60893.9;-52046.5;-44483.7;-38018;-32490;-27765;-23725;-20270.5;-17317.1;-14790.7;-12630;-10781.6;-9199.62;-7844.91;-6684.46;-5689.32;-4834.94;-4100.27;-3467.23
1;5259161975771;50;imagzpwr;6.07213e+13;4.42339e+13;3.25707e+13;2.38788e+13;1.74488e+13;1.2762e+13;9.33686e+12;6.83196e+12;4.99535e+12;3.65664e+12;2.67443e+12;1.95647e+12;1.43039e+12;1.04637e+12;7.65445e+11;5.59627e+11;4.09133e+11;2.99142e+11;2.18724e+11;1.59871e+11;1.1686e+11;8.54214e+10;6.24339e+10;4.56306e+10;3.33475e+10;2.437e+10;1.78083e+10;1.30126e+10;9.50837e+09;6.94722e+09;5.07571e+09;3.70807e+09;2.70883e+09;1.9788e+09;1.44537e+09;1.0556e+09;7.70895e+08;5.62877e+08;4.10893e+08;2.99883e+08;2.18764e+08;1.59517e+08;1.16244e+08;8.4633e+07;6.15426e+07;4.4682e+07;3.23684e+07;2.33767e+07;1.68122e+07;1.20217e+07
1;5259161975771;50;imagzstddev;11768.1;7796.41;4174.9;4374.01;2082.33;627.369;1072.38;720.292;347.127;178.712;343.051;54.7624;119.062;101.935;33.167;24.7581;7.80029;16.0977;16.6471;12.8392;4.28833;2.27421;2.99581;1.28499;2.10963;0.775874;1.20051;0.553394;0.283279;0.856827;0.167665;0.0844848;0.139899;0.0892092;0.121697;0.169077;0.0976646;0.0824153;0.0378248;0.0580119;0.0896089;0.0229984;0.0345299;0.0276753;0.0321037;0.0188925;0.0156007;0.00547188;0.00796691;0.0164594
1;5259161975771;50;param0;1.97337e+08;1.8234e+08;1.55404e+08;1.36247e+08;1.16804e+08;1.02902e+08;8.73939e+07;7.5825e+07;6.58666e+07;5.68216e+07;4.91297e+07;4.27567e+07;3.65164e+07;3.17522e+07;2.73643e+07;2.36579e+07;2.03589e+07;1.7464e+07;1.50248e+07;1.28884e+07;1.1064e+07;9.47791e+06;8.09463e+06;6.91001e+06;5.88339e+06;4.99902e+06;4.23424e+06;3.57693e+06;3.00997e+06;2.52333e+06;2.10757e+06;1.75244e+06;1.45008e+06;1.19389e+06;977550;795809;643923;517566;413228;327690;258033;201766;156657;120797;92504.2;70355.3;53141.9;39856.4;29669.6;21907.1
1;5259161975771;50;param0pwr;3.89844e+16;3.32526e+16;2.41598e+16;1.85678e+16;1.36474e+16;1.05911e+16;7.6388e+15;5.74962e+15;4.33903e+15;3.22876e+15;2.41379e+15;1.82818e+15;1.33345e+15;1.0082e+15;7.48808e+14;5.59698e+14;4.14484e+14;3.04993e+14;2.25745e+14;1.66112e+14;1.22413e+14;8.98308e+13;6.55231e+13;4.77482e+13;3.46143e+13;2.49902e+13;1.79288e+13;1.27945e+13;9.05991e+12;6.36718e+12;4.44185e+12;3.07105e+12;2.10273e+12;1.42537e+12;9.55605e+11;6.33311e+11;4.14637e+11;2.67874e+11;1.70758e+11;1.07381e+11;6.65811e+10;4.07097e+10;2.45413e+10;1.45918e+10;8.55703e+09;4.94987e+09;2.82406e+09;1.58853e+09;8.80286e+08;4.79919e+08
1;5259161975771;50;param0stddev;6.52301e+06;2.1959e+06;3.06237e+06;2.1462e+06;2.0715e+06;1.51514e+06;1.05244e+06;443417;783571;238911;242441;218962;58522;67043.8;44331.8;56680.9;18918.8;34796.3;14689.2;10383.9;8037.58;1899.88;5196.52;2492.05;2648.55;1525.86;1069.13;618.168;263.152;1019;326.977;101.528;196.971;51.3299;67.424;24.4295;38.9399;23.1912;10.6489;8.62317;3.1535;2.69265;3.07335;2.19048;0.69869;1.37438;0.279966;0.0751892;0.120225;0.152877
1;5259161975771;50;param1;1.01962e-10;1.01856e-10;1.01181e-10;1.00737e-10;1.00454e-10;1.00133e-10;9.97892e-11;9.94444e-11;9.9138e-11;9.87746e-11;9.84545e-11;9.81263e-11;9.78245e-11;9.74994e-11;9.71737e-11;9.68769e-11;9.65822e-11;9.62826e-11;9.59838e-11;9.57015e-11;9.54174e-11;9.51334e-11;9.48549e-11;9.45791e-11;9.43066e-11;9.40363e-11;9.37688e-11;9.35042e-11;9.32396e-11;9.29789e-11;9.272e-11;9.24642e-11;9.22095e-11;9.19552e-11;9.1704e-11;9.14567e-11;9.12089e-11;9.09655e-11;9.07276e-11;9.04927e-11;9.02692e-11;9.00534e-11;8.9849e-11;8.9663e-11;8.95021e-11;8.937e-11;8.92815e-11;8.92511e-11;8.92978e-11;8.94448e-11
1;5259161975771;50;param1pwr;1.03964e-20;1.03748e-20;1.02375e-20;1.01479e-20;1.0091e-20;1.00266e-20;9.95788e-21;9.88919e-21;9.82835e-21;9.75641e-21;9.69329e-21;9.62877e-21;9.56964e-21;9.50613e-21;9.44272e-21;9.38514e-21;9.32813e-21;9.27035e-21;9.2129e-21;9.15878e-21;9.10447e-21;9.05037e-21;8.99746e-21;8.9452e-21;8.89374e-21;8.84283e-21;8.79259e-21;8.74304e-21;8.69363e-21;8.64507e-21;8.59699e-21;8.54963e-21;8.50259e-21;8.45577e-21;8.40963e-21;8.36432e-21;8.31906e-21;8.27471e-21;8.23151e-21;8.18892e-21;8.14853e-21;8.10962e-21;8.07283e-21;8.03946e-21;8.01062e-21;7.987e-21;7.97118e-21;7.96575e-21;7.97409e-21;8.00038e-21
1;5259161975771;50;param1stddev;1.48848e-13;1.20444e-13;7.72746e-14;9.35368e-14;4.97446e-14;1.98486e-14;3.39609e-14;2.75413e-14;1.29083e-14;9.84008e-15;2.01843e-14;4.37358e-15;9.86482e-15;9.53843e-15;3.76261e-15;3.29113e-15;1.18897e-15;3.1025e-15;3.52701e-15;3.07743e-15;1.11003e-15;7.63564e-16;1.07039e-15;5.36392e-16;1.02512e-15;4.78738e-16;8.37497e-16;4.54506e-16;2.55944e-16;1.01319e-15;2.30912e-16;1.22174e-16;2.29965e-16;1.82727e-16;3.11592e-16;4.73278e-16;3.07146e-16;3.24676e-16;1.60003e-16;2.95789e-16;5.51775e-16;1.60857e-16;2.92681e-16;2.77115e-16;3.79446e-16;2.63742e-16;2.44611e-16;1.0266e-16;1.84234e-16;4.22261e-16
1;5259161975771;50;phasez;-1.53122;-1.53428;-1.53402;-1.53489;-1.53499;-1.53604;-1.5358;-1.5363;-1.53683;-1.53712;-1.53748;-1.53806;-1.53802;-1.53856;-1.5388;-1.53915;-1.53936;-1.53946;-1.53965;-1.53975;-1.53988;-1.53994;-1.53991;-1.53986;-1.53974;-1.53955;-1.53926;-1.53888;-1.53838;-1.53774;-1.53697;-1.53602;-1.53487;-1.5335;-1.53187;-1.52992;-1.52762;-1.52489;-1.52166;-1.51785;-1.51335;-1.50803;-1.50175;-1.49434;-1.48558;-1.4752;-1.4629;-1.44826;-1.43078;-1.40976
1;5259161975771;50;phasezpwr;2.34465;2.35403;2.35323;2.35589;2.3562;2.35943;2.35868;2.36021;2.36186;2.36273;2.36386;2.36562;2.36551;2.36716;2.36791;2.369;2.36962;2.36993;2.37052;2.37084;2.37123;2.37141;2.37132;2.37118;2.37079;2.37021;2.36932;2.36816;2.36661;2.36465;2.36227;2.35936;2.35584;2.35163;2.34661;2.34067;2.33364;2.3253;2.31546;2.30387;2.29023;2.27417;2.25526;2.23305;2.20694;2.17623;2.14008;2.09747;2.04712;1.98741
1;5259161975771;50;phasezstddev;0.00129101;0.000451684;0.000743034;0.000592135;0.000627534;0.00051545;0.000417174;0.000203274;0.000400593;0.000143378;0.000160812;0.000168349;5.36138e-05;6.66375e-05;5.21649e-05;7.61357e-05;2.92497e-05;6.32985e-05;3.11145e-05;2.50114e-05;2.2207e-05;6.33806e-06;1.96314e-05;1.10672e-05;1.36996e-05;9.57111e-06;7.92568e-06;5.52004e-06;2.75296e-06;1.35872e-05;5.2817e-06;1.99258e-06;4.82905e-06;1.59098e-06;2.80171e-06;1.17473e-06;2.50718e-06;2.13233e-06;1.1882e-06;1.28253e-06;8.36965e-07;7.92453e-07;1.40276e-06;1.45814e-06;9.50294e-07;1.94741e-06;4.80779e-07;2.35256e-07;6.98012e-07;7.5497e-07
1;5259161975771;50;realz;308510;242951;209956;175535;149623;124199;106983;90212.2;75938.5;64427.1;54497.7;45808.5;39213.4;32988.7;28001.1;23678.8;20115.9;17145.9;14571.7;12416.1;10572.3;9021.27;7720.36;6609.88;5673.55;4879.71;4209.97;3641.63;3162.28;2756.21;2411.08;2118.51;1870.47;1659.75;1480.8;1328.66;1199.42;1089.84;996.753;917.713;850.618;793.726;745.579;704.735;670.15;640.93;616.239;595.417;577.904;563.24
1;5259161975771;50;realzpwr;9.52751e+10;5.90349e+10;4.41005e+10;3.08216e+10;2.2394e+10;1.54288e+10;1.14469e+10;8.13853e+09;5.76743e+09;4.15093e+09;2.97007e+09;2.09847e+09;1.5377e+09;1.08826e+09;7.84063e+08;5.60691e+08;4.04651e+08;2.93984e+08;2.12333e+08;1.54161e+08;1.11773e+08;8.13834e+07;5.9604e+07;4.36905e+07;3.21892e+07;2.38116e+07;1.77239e+07;1.32615e+07;1e+07;7.59669e+06;5.81331e+06;4.48807e+06;3.49866e+06;2.75477e+06;2.19278e+06;1.76535e+06;1.43861e+06;1.18776e+06;993517;842197;723550;630001;555888;496652;449101;410791;379750;354522;333973;317239
1;5259161975771;50;realzstddev;9838.06;3107.77;4336.3;3021.89;2616.92;1856.09;1261.56;534.292;885.328;278.17;258.158;236.425;65.6691;66.8519;45.9107;57.1049;18.7262;34.9947;14.8704;10.0202;7.50727;1.89789;4.8536;2.34493;2.45105;1.49929;1.05346;0.630415;0.260464;1.15273;0.378566;0.119994;0.248659;0.0703379;0.11094;0.0366737;0.0668179;0.0525665;0.0225165;0.0205372;0.0158748;0.00960423;0.0159724;0.0143458;0.0100558;0.0137468;0.00318243;0.00149947;0.00368439;0.00353058
1;5259161975771;50;settling;0.132279;0.132279;0.132279;0.132279;0.132279;0.132279;0.132279;0.132279;0.132279;0.132279;0.132279;0.132279;0.132279;0.132279;0.132279;0.132279;0.132279;0.132279;0.132279;0.132279;0.132279;0.132279;0.132279;0.132279;0.132279;0.132279;0.132279;0.132279;0.132279;0.132279;0.132279;0.132279;0.132279;0.132279;0.132279;0.132279;0.132279;0.132279;0.132279;0.132279;0.132279;0.132279;0.132279;0.132279;0.132279;0.132279;0.132279;0.132279;0.132279;0.132279
1;5259161975771;50;tc;0.00509713;0.00509713;0.00509713;0.00509713;0.00509713;0.00509713;0.00509713;0.00509713;0.00509713;0.00509713;0.00509713;0.00509713;0.00509713;0.00509713;0.00509713;0.00509713;0.00509713;0.00509713;0.00509713;0.00509713;0.00509713;0.00509713;0.00509713;0.00509713;0.00509713;0.00509713;0.00509713;0.00509713;0.00509713;0.00509713;0.00509713;0.00509713;0.00509713;0.00509713;0.00509713;0.00509713;0.00509713;0.00509713;0.00509713;0.00509713;0.00509713;0.00509713;0.00509713;0.00509713;0.00509713;0.00509713;0.00509713;0.00509713;0.00509713;0.00509713
1;5259161975771;50;tcmeas;0.00509713;0.00509713;0.00509713;0.00509713;0.00509713;0.00509713;0.00509713;0.00509713;0.00509713;0.00509713;0.00509713;0.00509713;0.00509713;0.00509713;0.00509713;0.00509713;0.00509713;0.00509713;0.00509713;0.00509713;0.00509713;0.00509713;0.00509713;0.00509713;0.00509713;0.00509713;0.00509713;0.00509713;0.00509713;0.00509713;0.00509713;0.00509713;0.00509713;0.00509713;0.00509713;0.00509713;0.00509713;0.00509713;0.00509713;0.00509713;0.00509713;0.00509713;0.00509713;0.00509713;0.00509713;0.00509713;0.00509713;0.00509713;0.00509713;0.00509713
1;5259161975771;50;count;1339;1339;1339;1339;1339;1339;1339;1339;1339;1339;1339;1339;1339;1339;1339;1339;1339;1339;1339;1339;1339;1339;1339;1339;1339;1339;1339;1339;1339;1339;1339;1339;1339;1339;1339;1339;1339;1339;1339;1339;1339;1339;1339;1339;1339;1339;1339;1339;1339;1339
1;5259161975771;50;flags;0;0;0;0;0;0;0;0;0;0;0;0;0;0;0;0;0;0;0;0;0;0;0;0;0;0;0;0;0;0;0;0;0;0;0;0;0;0;0;0;0;0;0;0;0;0;0;0;0;0
1;5259161975771;50;nexttimestamp;5258423140622;5258438235992;5258453267839;5258468403924;5258483486196;5258498423303;5258513466272;5258528641963;5258543653583;5258558632367;5258573957801;5258588929751;5258603884291;5258618876218;5258634029284;5258649064765;5258664244110;5258679204253;5258694207926;5258709479898;5258724345545;5258739485684;5258754566229;5258769561865;5258784434218;5258799852512;5258814914376;5258829866946;5258845132492;5258859963569;5258875140426;5258890215715;5258905208280;5258920099350;5258935287978;5258950278301;5258965396146;5258980457446;5258995954651;5259011354810;5259026288383;5259041388930;5259056383068;5259071688574;5259086607022;5259101573501;5259117187471;5259131772090;5259146661623;5259161975771
1;5259161975771;50;settimestamp;5258415203870;5258430299240;5258445331087;5258460467172;5258475549444;5258490486551;5258505529520;5258520705211;5258535716831;5258550695615;5258566021049;5258580992999;5258595947539;5258610939466;5258626092532;5258641128013;5258656307358;5258671267501;5258686271174;5258701543146;5258716408793;5258731548932;5258746629477;5258761625113;5258776497466;5258791915760;5258806977624;5258821930194;5258837195740;5258852026817;5258867203674;5258882278963;5258897271528;5258912162598;5258927351226;5258942341549;5258957459394;5258972520694;5258988017899;5259003418058;5259018351631;5259033452178;5259048446316;5259063751822;5259078670270;5259093636749;5259109250719;5259123835338;5259138724871;5259154039019
2;5259933145153;50;absz;85945.5;76915.3;68830.1;61607.3;55147.8;49352;44166.6;39532.6;35382.9;31666.1;28339.5;25359.7;22697.1;20310.6;18177.7;16268.2;14558.7;13029.2;11660.1;10435.6;9338.96;8357.25;7478.99;6692.43;5988.85;5359.13;4795.39;4290.76;3839.07;3434.68;3072.86;2748.85;2458.8;2199.16;1966.7;1758.59;1572.27;1405.44;1256.04;1122.26;1002.46;895.184;799.148;713.184;636.377;567.741;506.548;452.193;404.163;362.106
2;5259933145153;50;abszpwr;7.38662e+09;5.91596e+09;4.73758e+09;3.79545e+09;3.04128e+09;2.43562e+09;1.95069e+09;1.56283e+09;1.25195e+09;1.00274e+09;8.03126e+08;6.43116e+08;5.15156e+08;4.12522e+08;3.30429e+08;2.64653e+08;2.11956e+08;1.69759e+08;1.35958e+08;1.08901e+08;8.72162e+07;6.98436e+07;5.59352e+07;4.47886e+07;3.58663e+07;2.87203e+07;2.29958e+07;1.84106e+07;1.47385e+07;1.1797e+07;9.44246e+06;7.55617e+06;6.0457e+06;4.8363e+06;3.86793e+06;3.09263e+06;2.47202e+06;1.97525e+06;1.57763e+06;1.25946e+06;1.00492e+06;801355;638637;508631;404975;322330;256591;204479;163348;131121
2;5259933145153;50;abszstddev;12.6611;9.28104;8.84561;6.09308;3.21168;5.10718;2.5297;3.31526;0.863464;1.1337;1.31869;1.73983;1.31731;0.498567;0.443866;0.382896;0.33028;0.607726;0.464039;0.162323;0.205433;0.205092;0.0736878;0.0800019;0.0606478;0.0897859;0.0291607;0.0412224;0.028164;0.0311559;0.0258966;0.0145609;0.0110825;0.021721;0.0132238;0.0100544;0.00281965;0.00635443;0.0107372;0.00239858;0.0142499;0.00421836;0.00548383;0.0144138;0.00279406;0.00372021;0.0021355;0.00333421;0.001709;0.00105323
2;5259933145153;50;bandwidth;10.2741;10.2741;10.2741;10.2741;10.2741;10.2741;10.2741;10.2741;10.2741;10.2741;10.2741;10.2741;10.2741;10.2741;10.2741;10.2741;10.2741;10.2741;10.2741;10.2741;10.2741;10.2741;10.2741;10.2741;10.2741;10.2741;10.2741;10.2741;10.2741;10.2741;10.2741;10.2741;10.2741;10.2741;10.2741;10.2741;10.2741;10.2741;10.2741;10.2741;10.2741;10.2741;10.2741;10.2741;10.2741;10.2741;10.2741;10.2741;10.2741;10.2741
2;5259933145153;50;bias;0;0;0;0;0;0;0;0;0;0;0;0;0;0;0;0;0;0;0;0;0;0;0;0;0;0;0;0;0;0;0;0;0;0;0;0;0;0;0;0;0;0;0;0;0;0;0;0;0;0
2;5259933145153;50;biaspwr;0;0;0;0;0;0;0;0;0;0;0;0;0;0;0;0;0;0;0;0;0;0;0;0;0;0;0;0;0;0;0;0;0;0;0;0;0;0;0;0;0;0;0;0;0;0;0;0;0;0
2;5259933145153;50;biasstddev;0;0;0;0;0;0;0;0;0;0;0;0;0;0;0;0;0;0;0;0;0;0;0;0;0;0;0;0;0;0;0;0;0;0;0;0;0;0;0;0;0;0;0;0;0;0;0;0;0;0
2;5259933145153;50;drive;0.300003;0.300003;0.300003;0.300003;0.300003;0.300003;0.300003;0.300003;0.300003;0.300003;0.300003;0.300003;0.300003;0.300003;0.300003;0.300003;0.300003;0.300003;0.300003;0.300003;0.300003;0.300003;0.300003;0.300003;0.300003;0.300003;0.300003;0.300003;0.300003;0.300003;0.300003;0.300003;0.300003;0.300003;0.300003;0.300003;0.300003;0.300003;0.300003;0.300003;0.300003;0.300003;0.300003;0.300003;0.300003;0.300003;0.300003;0.300003;0.300003;0.300003
2;5259933145153;50;drivepwr;0.0900018;0.0900018;0.0900018;0.0900018;0.0900018;0.0900018;0.0900018;0.0900018;0.0900018;0.0900018;0.0900018;0.0900018;0.0900018;0.0900018;0.0900018;0.0900018;0.0900018;0.0900018;0.0900018;0.0900018;0.0900018;0.0900018;0.0900018;0.0900018;0.0900018;0.0900018;0.0900018;0.0900018;0.0900018;0.0900018;0.0900018;0.0900018;0.0900018;0.0900018;0.0900018;0.0900018;0.0900018;0.0900018;0.0900018;0.0900018;0.0900018;0.0900018;0.0900018;0.0900018;0.0900018;0.0900018;0.0900018;0.0900018;0.0900018;0.0900018
2;5259933145153;50;drivestddev;0;0;0;0;0;0;0;0;0;0;0;0;0;0;0;0;0;0;0;0;0;0;0;0;0;0;0;0;0;0;0;0;0;0;0;0;0;0;0;0;0;0;0;0;0;0;0;0;0;0
2;5259933145153;50;frequency;20000.00000002444;22385.53853899816;25055.61678390222;28044.17375656954;31389.19662092121;35133.2035329932;39323.78408414649;44014.2042055669;49264.08322518227;55140.1516811012;61717.09952482729;69078.52549602467;77317.99973512921;86540.25314108083;96862.50859274992;108415.9709538568;121347.4948009008;135821.4510731415;152021.8163702936;170154.5114554648;190450.0186878266;213166.3116533389;238592.1342356312;267050.6708003728;298903.6541519141;334555.9634717432;374460.7706856584;419125.3006744233;469117.2785435782;525072.1459047724;587701.13789258;657800.3235824071;736260.7247225839;824079.6413975459;922373.3285811875;1032391.184709951;1155531.632626961;1293359.894754076;1447627.888434013;1620296.494325686;1813560.480908265;2029876.401899315;2271993.821195295;2542990.262224833;2846310.325953354;3185809.474764127;3565803.038745301;3991121.067296888;4467169.723268114;4999999.999999929
2;5259933145153;50;frequencypwr;400000000.0009766;501112335.6809804;627783932.421755;786475681.688689;985281664.5068408;1234341990.490723;1546359994.696546;1937250171.849325;2426949896.017619;3040436327.414915;3809000373.757417;4771842684.705014;5978073083.041271;7489215413.722486;9382345570.880722;11754022757.8673;14725214494.45476;18447466571.61337;23110632652.52342;28952557768.64827;36271209618.19461;45439876423.8889;56926206519.11479;71316060774.92755;89343394465.36397;111927692694.5035;140220868782.4994;175666017665.4287;220071021028.1306;275700758405.0435;345392627480.2357;432701265705.1241;542079854769.0114;679107255365.9041;850772557277.9692;1065831558266.824;1335253354001.505;1672779817358.254;2095626503371.96;2625360729524.038;3289001617912.122;4120398206987.688;5161955923549.693;6466799473770.208;8101482471628.671;10149382009496.65;12714951311125.5;15929047373821.27;19955605336483.73;24999999999999.78
2;5259933145153;50;frequencystddev;0;0;0;0;0;0;0;0;0;0;0;0;0;0;0;0;0;0;0;0;0;0;0;0;0;0;0;0;0;0;0;0;0;0;0;0;0;0;0;0;0;0;0;0;0;0;0;0;0;0
2;5259933145153;50;grid;20000;22385.53853889392;25055.61678381524;28044.17375649267;31389.1966208702;35133.20353307037;39323.78408421753;44014.20420561973;49264.08322518237;55140.15168102986;61717.09952480751;69078.5254960665;77317.99973510798;86540.25314102246;96862.50859269968;108415.9709537911;121347.4948008847;135821.4510731717;152021.816370349;170154.5114555551;190450.0186877497;213166.3116533844;238592.1342355349;267050.6708003259;298903.6541519084;334555.9634716882;374460.7706856131;419125.3006743346;469117.278543541;525072.1459048734;587701.1378926637;657800.3235824016;736260.724722537;824079.6413975159;922373.3285810986;1032391.184710002;1155531.632627005;1293359.894754142;1447627.888433928;1620296.494325766;1813560.480908207;2029876.401899283;2271993.821195386;2542990.262224903;2846310.325953376;3185809.47476405;3565803.038745202;3991121.067296788;4467169.723268183;4999999.999999999
2;5259933145153;50;imagz;-85908.1;-76881.5;-68799.4;-61579;-55122.1;-49328.6;-44144.7;-39512.1;-35363.8;-31648.1;-28322.4;-25343.4;-22681.3;-20295.4;-18162.9;-16253.6;-14544.3;-13014.8;-11645.7;-10421.1;-9324.24;-8342.2;-7463.52;-6676.43;-5972.21;-5341.71;-4777.07;-4271.36;-3818.46;-3412.66;-3049.24;-2723.4;-2431.27;-2169.27;-1934.14;-1722.99;-1533.25;-1362.56;-1208.79;-1070.07;-944.694;-831.117;-727.956;-633.916;-547.942;-468.924;-395.922;-328.115;-264.735;-205.1
2;5259933145153;50;imagzpwr;7.3802e+09;5.91077e+09;4.73336e+09;3.79198e+09;3.03845e+09;2.43331e+09;1.94875e+09;1.56121e+09;1.2506e+09;1.0016e+09;8.02158e+08;6.42286e+08;5.14441e+08;4.11903e+08;3.2989e+08;2.64179e+08;2.11535e+08;1.69385e+08;1.35623e+08;1.08599e+08;8.69414e+07;6.95923e+07;5.57042e+07;4.45748e+07;3.56673e+07;2.85339e+07;2.28204e+07;1.82446e+07;1.45807e+07;1.16463e+07;9.29785e+06;7.41691e+06;5.91107e+06;4.70572e+06;3.7409e+06;2.96871e+06;2.35086e+06;1.85656e+06;1.46117e+06;1.14505e+06;892447;690755;529920;401849;300241;219890;156755;107660;70084.5;42066
2;5259933145153;50;imagzstddev;12.3885;9.37775;8.68009;6.10064;3.10409;5.03985;2.4805;3.37039;0.879966;1.17536;1.32956;1.73139;1.30688;0.500586;0.442124;0.377127;0.318479;0.612297;0.467961;0.15502;0.206693;0.203392;0.0710492;0.0823158;0.0672284;0.0899239;0.0266404;0.0448372;0.0281079;0.0340445;0.023804;0.0153561;0.0113653;0.0224931;0.0129947;0.0101287;0.00279056;0.00531086;0.0115346;0.00320829;0.0140717;0.00405758;0.00667302;0.0114667;0.00308419;0.0031664;0.00128467;0.00525975;0.00102809;0.000703668
2;5259933145153;50;param0;2.91623e+06;2.598e+06;2.30854e+06;2.03604e+06;1.80777e+06;1.60071e+06;1.40223e+06;1.22798e+06;1.07569e+06;938479;815967;706024;608987;524116;449800;384438;327015;277731;234824;198055;166388;139335;116373;96868.2;80390;66526.7;54903.5;45177.6;37099.2;30380.7;24830;20248;16476.8;13383.6;10852.5;8785.41;7101.95;5733.38;4622.95;3723.56;2996.47;2409.62;1936.89;1556.52;1251.36;1007.08;812.076;657.154;534.882;439.383
2;5259933145153;50;param0pwr;8.50484e+12;6.74977e+12;5.3294e+12;4.14546e+12;3.26811e+12;2.56227e+12;1.96627e+12;1.50794e+12;1.15711e+12;8.80746e+11;6.65804e+11;4.9847e+11;3.70866e+11;2.74698e+11;2.0232e+11;1.47792e+11;1.06939e+11;7.71347e+10;5.51422e+10;3.92259e+10;2.76849e+10;1.94143e+10;1.35427e+10;9.38345e+09;6.46255e+09;4.4258e+09;3.01439e+09;2.04102e+09;1.37635e+09;9.22985e+08;6.16527e+08;4.0998e+08;2.71486e+08;1.79122e+08;1.17776e+08;7.71835e+07;5.04377e+07;3.28717e+07;2.13717e+07;1.38649e+07;8.97886e+06;5.80626e+06;3.75156e+06;2.42274e+06;1.56591e+06;1.01422e+06;659468;431852;286098;193057
2;5259933145153;50;param0stddev;20806.8;12450;7008.74;4185.73;9012.63;2419.08;2716.71;2019.71;741.964;1679.88;1551.49;670.309;647.33;625.174;201.758;224.94;131.99;266.153;80.7353;65.5614;22.6835;23.5829;21.0539;12.6824;19.1729;4.55883;3.57372;6.01995;1.45256;2.58011;1.3977;1.11825;0.323263;0.525536;0.221313;0.343139;0.0638047;0.0717949;0.100587;0.0479325;0.0601353;0.0153569;0.0368074;0.0797708;0.012051;0.00709682;0.0023136;0.0115734;0.00206726;0.00134965
2;5259933145153;50;param1;9.25505e-11;9.23953e-11;9.22452e-11;9.20761e-11;9.18988e-11;9.17468e-11;9.15916e-11;9.14212e-11;9.12559e-11;9.10983e-11;9.09412e-11;9.0793e-11;9.06292e-11;9.04798e-11;9.03171e-11;9.0157e-11;8.99987e-11;8.98374e-11;8.9676e-11;8.95069e-11;8.93419e-11;8.91776e-11;8.90067e-11;8.88391e-11;8.86619e-11;8.84796e-11;8.82931e-11;8.80997e-11;8.78971e-11;8.76842e-11;8.74519e-11;8.72038e-11;8.6931e-11;8.66265e-11;8.62826e-11;8.5888e-11;8.5428e-11;8.48854e-11;8.42382e-11;8.34553e-11;8.2499e-11;8.13182e-11;7.9848e-11;7.80017e-11;7.56562e-11;7.26779e-11;6.88702e-11;6.39887e-11;5.77412e-11;4.97901e-11
2;5259933145153;50;param1pwr;8.56559e-21;8.53688e-21;8.50918e-21;8.478e-21;8.44538e-21;8.41748e-21;8.38902e-21;8.35783e-21;8.32763e-21;8.2989e-21;8.2703e-21;8.24336e-21;8.21365e-21;8.1866e-21;8.15718e-21;8.12828e-21;8.09976e-21;8.07075e-21;8.04178e-21;8.01149e-21;7.98198e-21;7.95264e-21;7.92219e-21;7.89238e-21;7.86093e-21;7.82865e-21;7.79567e-21;7.76156e-21;7.7259e-21;7.68851e-21;7.64784e-21;7.60451e-21;7.557e-21;7.50415e-21;7.44468e-21;7.37674e-21;7.29794e-21;7.20553e-21;7.09607e-21;6.96479e-21;6.80608e-21;6.61265e-21;6.37571e-21;6.08426e-21;5.72386e-21;5.28208e-21;4.74311e-21;4.09455e-21;3.33405e-21;2.47906e-21
2;5259933145153;50;param1stddev;1.39439e-14;1.1041e-14;1.20731e-14;9.09338e-15;5.55682e-15;9.61527e-15;5.34954e-15;7.53608e-15;2.1843e-15;3.14576e-15;4.20414e-15;6.25691e-15;5.30116e-15;2.22221e-15;2.21428e-15;2.1559e-15;2.11305e-15;4.16242e-15;3.53539e-15;1.45552e-15;1.95066e-15;2.20401e-15;9.1079e-16;1.03026e-15;8.01269e-16;1.47613e-15;5.81985e-16;7.73244e-16;6.4468e-16;7.17809e-16;7.96467e-16;4.47667e-16;3.79863e-16;8.18659e-16;5.86273e-16;5.15927e-16;1.60809e-16;4.45955e-16;6.38825e-16;1.38132e-16;1.11857e-15;3.73351e-16;3.93892e-16;2.43576e-15;3.47017e-16;4.6595e-16;3.69962e-16;1.18306e-15;3.14513e-16;1.5644e-16
2;5259933145153;50;phasez;-1.54132;-1.54119;-1.54098;-1.54053;-1.54028;-1.53996;-1.53929;-1.5386;-1.5379;-1.53705;-1.53606;-1.53487;-1.53352;-1.53203;-1.53037;-1.52847;-1.52626;-1.52387;-1.52112;-1.51808;-1.51464;-1.51078;-1.50648;-1.50165;-1.49623;-1.49015;-1.48334;-1.47568;-1.46713;-1.4575;-1.44672;-1.43462;-1.42101;-1.40573;-1.38857;-1.36926;-1.34756;-1.32314;-1.29564;-1.26464;-1.22967;-1.19017;-1.1455;-1.09484;-1.0373;-0.97188;-0.897241;-0.811918;-0.714209;-0.602141
2;5259933145153;50;phasezpwr;2.37566;2.37525;2.37461;2.37324;2.37248;2.37148;2.36943;2.36728;2.36513;2.36252;2.35947;2.35582;2.35168;2.34713;2.34204;2.33621;2.32947;2.32217;2.31381;2.30457;2.29413;2.28246;2.2695;2.25496;2.2387;2.22056;2.20031;2.17762;2.15247;2.1243;2.093;2.05812;2.01927;1.97608;1.92812;1.87488;1.81592;1.7507;1.67869;1.59932;1.5121;1.4165;1.31217;1.19867;1.07599;0.944551;0.805041;0.65921;0.510095;0.362573
2;5259933145153;50;phasezstddev;0.000212989;0.000141272;9.36911e-05;6.19628e-05;0.000153436;4.93992e-05;6.19891e-05;5.06342e-05;2.21808e-05;5.96853e-05;6.57704e-05;3.46189e-05;4.02322e-05;4.62489e-05;1.82381e-05;2.51033e-05;1.89363e-05;4.46127e-05;1.60617e-05;1.8057e-05;7.06142e-06;1.04624e-05;1.19334e-05;8.52993e-06;1.716e-05;5.129e-06;6.2017e-06;1.20097e-05;3.97702e-06;8.72106e-06;7.69307e-06;7.35001e-06;2.63162e-06;5.56565e-06;3.61958e-06;7.94178e-06;2.0272e-06;3.86287e-06;3.89044e-06;3.60212e-06;2.50429e-06;1.25308e-06;5.88035e-06;3.02215e-05;4.50613e-06;9.40658e-07;1.73619e-06;1.65066e-05;1.83789e-06;1.05614e-06
2;5259933145153;50;realz;2533.07;2277.17;2052.22;1864.15;1682.38;1521.59;1391.13;1272.68;1163.86;1068.48;984.267;910.899;845.925;787.084;734.614;688.416;648.152;611.235;578.978;549.852;524.174;501.264;480.653;462.366;446.154;431.711;418.84;407.516;397.272;388.308;380.285;373.182;366.922;361.359;356.409;352.018;348.076;344.517;341.26;338.241;335.367;332.565;329.722;326.776;323.627;320.063;315.969;311.158;305.39;298.421
2;5259933145153;50;realzpwr;6.41676e+06;5.18562e+06;4.21164e+06;3.47506e+06;2.83047e+06;2.31525e+06;1.93526e+06;1.61972e+06;1.35457e+06;1.14165e+06;968785;829737;715589;619501;539658;473917;420101;373609;335216;302338;274758;251265;231028;213782;199054;186374;175427;166070;157825;150783;144617;139265;134631;130580;127028;123917;121157;118692;116458;114407;112471;110599;108717;106782;104734;102440;99836.5;96819.3;93263;89055
2;5259933145153;50;realzstddev;18.4909;10.7824;6.66979;3.80518;8.50164;2.57432;2.78249;1.90737;0.766273;1.86436;1.85616;0.89444;0.928018;0.938267;0.333843;0.413719;0.289241;0.576452;0.177257;0.194488;0.0618828;0.0913218;0.0913641;0.0536956;0.0985895;0.027032;0.0320169;0.0484182;0.0153711;0.0266254;0.0257456;0.0196065;0.00595993;0.010755;0.00752862;0.0139125;0.00321279;0.00645351;0.00247351;0.00343539;0.00336882;0.001609;0.00276158;0.0232557;0.00255296;0.00202461;0.00191923;0.00625826;0.00155418;0.000872005
2;5259933145153;50;settling;0.132279;0.132279;0.132279;0.132279;0.132279;0.132279;0.132279;0.132279;0.132279;0.132279;0.132279;0.132279;0.132279;0.132279;0.132279;0.132279;0.132279;0.132279;0.132279;0.132279;0.132279;0.132279;0.132279;0.132279;0.132279;0.132279;0.132279;0.132279;0.132279;0.132279;0.132279;0.132279;0.132279;0.132279;0.132279;0.132279;0.132279;0.132279;0.132279;0.132279;0.132279;0.132279;0.132279;0.132279;0.132279;0.132279;0.132279;0.132279;0.132279;0.132279
2;5259933145153;50;tc;0.00509713;0.00509713;0.00509713;0.00509713;0.00509713;0.00509713;0.00509713;0.00509713;0.00509713;0.00509713;0.00509713;0.00509713;0.00509713;0.00509713;0.00509713;0.00509713;0.00509713;0.00509713;0.00509713;0.00509713;0.00509713;0.00509713;0.00509713;0.00509713;0.00509713;0.00509713;0.00509713;0.00509713;0.00509713;0.00509713;0.00509713;0.00509713;0.00509713;0.00509713;0.00509713;0.00509713;0.00509713;0.00509713;0.00509713;0.00509713;0.00509713;0.00509713;0.00509713;0.00509713;0.00509713;0.00509713;0.00509713;0.00509713;0.00509713;0.00509713
2;5259933145153;50;tcmeas;0.00509713;0.00509713;0.00509713;0.00509713;0.00509713;0.00509713;0.00509713;0.00509713;0.00509713;0.00509713;0.00509713;0.00509713;0.00509713;0.00509713;0.00509713;0.00509713;0.00509713;0.00509713;0.00509713;0.00509713;0.00509713;0.00509713;0.00509713;0.00509713;0.00509713;0.00509713;0.00509713;0.00509713;0.00509713;0.00509713;0.00509713;0.00509713;0.00509713;0.00509713;0.00509713;0.00509713;0.00509713;0.00509713;0.00509713;0.00509713;0.00509713;0.00509713;0.00509713;0.00509713;0.00509713;0.00509713;0.00509713;0.00509713;0.00509713;0.00509713
2;5259933145153;50;count;1339;1339;1339;1339;1339;1339;1339;1339;1339;1339;1339;1339;1339;1339;1339;1339;1339;1339;1339;1339;1339;1339;1339;1339;1339;1339;1339;1339;1339;1339;1339;1339;1339;1339;1339;1339;1339;1339;1339;1339;1339;1339;1339;1339;1339;1339;1339;1339;1339;1339
2;5259933145153;50;flags;0;0;0;0;0;0;0;0;0;0;0;0;0;0;0;0;0;0;0;0;0;0;0;0;0;0;0;0;0;0;0;0;0;0;0;0;0;0;0;0;0;0;0;0;0;0;0;0;0;0
2;5259933145153;50;nexttimestamp;5259195403886;5259210227142;5259225240418;5259240386742;5259255406197;5259270194097;5259285680632;5259300438478;5259315593543;5259330744011;5259345788592;5259360716339;5259375814757;5259390810665;5259406048170;5259421115305;5259436119446;5259451194690;5259466318174;5259481253116;5259496338678;5259511735117;5259526402978;5259541585447;5259556712807;5259571743542;5259586809068;5259602109731;5259616947876;5259632000404;5259647080090;5259662113619;5259677105384;5259692282243;5259707309699;5259722209808;5259737453968;5259752369985;5259767469650;5259782591414;5259797682043;5259812657888;5259827890114;5259842777569;5259857657063;5259872869081;5259887983632;5259902979513;5259918046583;5259933145153
2;5259933145153;50;settimestamp;5259187467134;5259202290390;5259217303666;5259232449990;5259247469445;5259262257345;5259277743880;5259292501726;5259307656791;5259322807259;5259337851840;5259352779587;5259367878005;5259382873913;5259398111418;5259413178553;5259428182694;5259443257938;5259458381422;5259473316364;5259488401926;5259503798365;5259518466226;5259533648695;5259548776055;5259563806790;5259578872316;5259594172979;5259609011124;5259624063652;5259639143338;5259654176867;5259669168632;5259684345491;5259699372947;5259714273056;5259729517216;5259744433233;5259759532898;5259774654662;5259789745291;5259804721136;5259819953362;5259834840817;5259849720311;5259864932329;5259880046880;5259895042761;5259910109831;5259925208401
3;5260249795850;20;absz;17698.6;14453.3;11799;9632.59;7865.33;6420.26;5241.07;4277.78;3490.94;2848.48;2323.3;1894.16;1543.72;1257.15;1022.89;831.351;674.828;547.242;443.827;361.239
3;5260249795850;20;abszpwr;3.13241e+08;2.08899e+08;1.39215e+08;9.27868e+07;6.18635e+07;4.12197e+07;2.74688e+07;1.82994e+07;1.21866e+07;8.11384e+06;5.39774e+06;3.58785e+06;2.38308e+06;1.58042e+06;1.0463e+06;691145;455393;299474;196983;130493
3;5260249795850;20;abszstddev;1.87989;1.27562;0.249737;0.144096;0.298032;0.0888251;0.0987073;0.0313817;0.0790177;0.0170066;0.00444425;0.0277159;0.00560861;0.00786948;0.00756084;0.00219421;0.0124069;0.00174336;0.000606366;0.00181315
3;5260249795850;20;bandwidth;10.2741;10.2741;10.2741;10.2741;10.2741;10.2741;10.2741;10.2741;10.2741;10.2741;10.2741;10.2741;10.2741;10.2741;10.2741;10.2741;10.2741;10.2741;10.2741;10.2741
3;5260249795850;20;bias;0;0;0;0;0;0;0;0;0;0;0;0;0;0;0;0;0;0;0;0
3;5260249795850;20;biaspwr;0;0;0;0;0;0;0;0;0;0;0;0;0;0;0;0;0;0;0;0
3;5260249795850;20;biasstddev;0;0;0;0;0;0;0;0;0;0;0;0;0;0;0;0;0;0;0;0
3;5260249795850;20;drive;0.300003;0.300003;0.300003;0.300003;0.300003;0.300003;0.300003;0.300003;0.300003;0.300003;0.300003;0.300003;0.300003;0.300003;0.300003;0.300003;0.300003;0.300003;0.300003;0.300003
3;5260249795850;20;drivepwr;0.0900018;0.0900018;0.0900018;0.0900018;0.0900018;0.0900018;0.0900018;0.0900018;0.0900018;0.0900018;0.0900018;0.0900018;0.0900018;0.0900018;0.0900018;0.0900018;0.0900018;0.0900018;0.0900018;0.0900018
3;5260249795850;20;drivestddev;0;0;0;0;0;0;0;0;0;0;0;0;0;0;0;0;0;0;0;0
3;5260249795850;20;frequency;99999.99999990905;122862.535599424;150952.0265389597;185463.4873444638;227865.1431623047;279960.8926363817;343967.05137965;422606.6409511731;519225.2346839865;637933.2888043621;783781.0140572543;962973.2274171232;1183133.324347452;1453627.601814205;1785963.729760951;2194280.323268956;2695948.443325946;3312310.615921419;4069588.809647371;4999999.999999929
3;5260249795850;20;frequencypwr;9999999999.981911;15095202653.91964;22786514316.21875;34396705137.96936;51922523468.37658;78378101405.76071;118313332434.8123;178596372976.0317;269594844332.6433;406958880964.7499;614312677996.6244;927317436722.1434;1399804463181.482;2113033204756.049;3189666444021.601;4814866137085.268;7268138009071.78;10971401616345.88;16561553079607.6;24999999999999.78
3;5260249795850;20;frequencystddev;0;0;0;0;0;0;0;0;0;0;0;0;0;0;0;0;0;0;0;0
3;5260249795850;20;grid;100000;122862.5355993477;150952.02653901;185463.4873444279;227865.1431623399;279960.8926363343;343967.0513795677;422606.6409512487;519225.2346839353;637933.2888043477;783781.0140573311;962973.2274171185;1183133.324347544;1453627.60181425;1785963.729760977;2194280.323269017;2695948.443325882;3312310.615921321;4069588.809647314;4999999.999999999
3;5260249795850;20;imagz;-17683.5;-14439;-11785;-9618.7;-7851.14;-6405.48;-5225.34;-4260.65;-3471.95;-2827.05;-2298.76;-1865.66;-1510.22;-1217.37;-975.228;-773.794;-604.791;-461.417;-337.858;-229.324
3;5260249795850;20;imagzpwr;3.12707e+08;2.08483e+08;1.38887e+08;9.25195e+07;6.16405e+07;4.10302e+07;2.73042e+07;1.81532e+07;1.20544e+07;7.99223e+06;5.28428e+06;3.48067e+06;2.28076e+06;1.48198e+06;951070;598757;365772;212906;114148;52589.4
3;5260249795850;20;imagzstddev;1.81255;1.27242;0.257156;0.14064;0.285251;0.0806007;0.0912456;0.0350085;0.074389;0.0176952;0.00489897;0.0264128;0.00627911;0.00732416;0.00723767;0.00230715;0.0128057;0.00164166;0.000801368;0.00156734
3;5260249795850;20;param0;428662;323983;242819;179448;131000;94680.4;67709.5;47849.5;33514.8;23266.5;16024.7;10959.6;7449.96;5037.18;3390.49;2273.85;1521.18;1017.84;684.42;467.529
3;5260249795850;20;param0pwr;1.83753e+11;1.04965e+11;5.89609e+10;3.22016e+10;1.71611e+10;8.96438e+09;4.58458e+09;2.28957e+09;1.12324e+09;5.41328e+08;2.56792e+08;1.20112e+08;5.55019e+07;2.53732e+07;1.14954e+07;5.1704e+06;2.314e+06;1.036e+06;468430;218583
3;5260249795850;20;param0stddev;1215.95;456.821;144.614;54.6945;76.12;40.9162;22.513;10.0646;6.28632;1.27217;0.828842;0.224866;0.167816;0.100704;0.0399394;0.0149513;0.0482189;0.00433018;0.00222269;0.00286672
3;5260249795850;20;param1;8.98484e-11;8.95364e-11;8.92533e-11;8.89594e-11;8.86423e-11;8.83425e-11;8.80194e-11;8.76845e-11;8.7328e-11;8.69265e-11;8.64781e-11;8.59417e-11;8.52486e-11;8.43365e-11;8.30608e-11;8.12053e-11;7.84021e-11;7.40328e-11;6.70774e-11;5.59385e-11
3;5260249795850;20;param1pwr;8.07274e-21;8.01677e-21;7.96615e-21;7.91378e-21;7.85745e-21;7.8044e-21;7.74742e-21;7.68857e-21;7.62619e-21;7.55621e-21;7.47847e-21;7.38597e-21;7.26732e-21;7.11264e-21;6.89909e-21;6.5943e-21;6.14689e-21;5.48085e-21;4.49937e-21;3.12911e-21
3;5260249795850;20;param1stddev;9.88557e-15;7.9222e-15;1.83721e-15;1.36482e-15;3.50248e-15;1.3479e-15;1.78906e-15;5.92609e-16;2.09448e-15;5.02325e-16;1.98239e-16;1.30067e-15;2.80308e-16;5.72028e-16;6.21403e-16;2.05149e-16;1.2694e-15;2.17486e-16;2.27895e-16;2.68419e-16
3;5260249795850;20;phasez;-1.5295;-1.52617;-1.52219;-1.51709;-1.51072;-1.50293;-1.49331;-1.48128;-1.46645;-1.44806;-1.4253;-1.39709;-1.36207;-1.31856;-1.26433;-1.1965;-1.11116;-1.00315;-0.86522;-0.687783
3;5260249795850;20;phasezpwr;2.33936;2.32919;2.31705;2.30157;2.28227;2.25881;2.22999;2.19418;2.15046;2.09688;2.03148;1.95187;1.85524;1.73859;1.59852;1.43162;1.23468;1.00631;0.748606;0.473046
3;5260249795850;20;phasezstddev;0.000121164;6.31424e-05;2.84956e-05;1.669e-05;3.65709e-05;2.99879e-05;2.68022e-05;1.85737e-05;2.09371e-05;6.48525e-06;7.59699e-06;4.54744e-06;4.35125e-06;5.37111e-06;2.97822e-06;2.08385e-06;8.38327e-06;1.10378e-06;3.0426e-06;2.55569e-06
3;5260249795850;20;realz;730.746;644.786;573.331;517.068;472.239;435.356;405.686;382.437;363.619;348.736;336.838;327.371;319.879;313.751;308.6;303.953;299.367;294.224;287.81;279.113
3;5260249795850;20;realzpwr;533995;415750;328709;267359;223010;189535;164581;146258;132219;121617;113460;107172;102322;98439.9;95233.8;92387.7;89620.8;86567.9;82834.5;77904.1
3;5260249795850;20;realzstddev;2.20179;0.91706;0.33058;0.163799;0.300323;0.196115;0.145429;0.0779242;0.0777962;0.0178146;0.0175293;0.0120303;0.00609501;0.00734022;0.00375006;0.00157888;0.004685;0.000842098;0.00124461;0.00129742
3;5260249795850;20;settling;0.132279;0.132279;0.132279;0.132279;0.132279;0.132279;0.132279;0.132279;0.132279;0.132279;0.132279;0.132279;0.132279;0.132279;0.132279;0.132279;0.132279;0.132279;0.132279;0.132279
3;5260249795850;20;tc;0.00509713;0.00509713;0.00509713;0.00509713;0.00509713;0.00509713;0.00509713;0.00509713;0.00509713;0.00509713;0.00509713;0.00509713;0.00509713;0.00509713;0.00509713;0.00509713;0.00509713;0.00509713;0.00509713;0.00509713
3;5260249795850;20;tcmeas;0.00509713;0.00509713;0.00509713;0.00509713;0.00509713;0.00509713;0.00509713;0.00509713;0.00509713;0.00509713;0.00509713;0.00509713;0.00509713;0.00509713;0.00509713;0.00509713;0.00509713;0.00509713;0.00509713;0.00509713
3;5260249795850;20;count;1339;1339;1339;1339;1339;1339;1339;1339;1339;1339;1339;1339;1339;1339;1339;1339;1339;1339;1339;1339
3;5260249795850;20;flags;0;0;0;0;0;0;0;0;0;0;0;0;0;0;0;0;0;0;0;0
3;5260249795850;20;nexttimestamp;5259963415754;5259978669082;5259993517994;5260008715140;5260023525710;5260038678880;5260053809176;5260068985720;5260083751703;5260099171843;5260113918417;5260128994921;5260144155079;5260159164117;5260174135638;5260189352120;5260204176905;5260219324256;5260234473754;5260249795850
3;5260249795850;20;settimestamp;5259955479002;5259970732330;5259985581242;5260000778388;5260015588958;5260030742128;5260045872424;5260061048968;5260075814951;5260091235091;5260105981665;5260121058169;5260136218327;5260151227365;5260166198886;5260181415368;5260196240153;5260211387504;5260226537002;5260241859098
